33554432 33554432
33335715 33335716
32682416 32682417
31603052 31603053
30111694 30111695
28227784 28227785
25975882 25975883
23385344 23385345
20489942 20489943
17327423 17327424
13939014 13939015
10368889 10368890
6663590 6663591
2871420 2871421
-958183 -958182
-4775294 -4775293
-8530152 -8530151
-12173807 -12173806
-15658757 -15658756
-18939572 -18939571
-21973480 -21973479
-24720931 -24720930
-27146106 -27146105
-29217391 -29217390
-30907781 -30907780
-32195242 -32195241
-33062989 -33062988
-33499709 -33499708
