111 103 106
111 104 105
111 105 104
111 106 103
113 102 106
113 104 104
113 106 102
115 100 107
115 101 106
115 102 105
115 103 104
115 104 103
115 105 102
115 106 101
115 107 100
117 100 106
117 101 105
117 102 104
117 104 102
117 105 101
117 106 100
119 99 106
119 100 105
119 102 103
119 103 102
119 105 100
119 106 99
121 96 108
121 98 106
121 100 104
121 104 100
121 106 98
121 108 96
123 96 107
123 97 106
123 98 105
123 99 104
123 100 103
123 101 102
123 102 101
123 103 100
123 104 99
123 105 98
123 106 97
123 107 96
125 96 106
125 97 105
125 100 102
125 102 100
125 105 97
125 106 96
127 96 105
127 97 104
127 98 103
127 99 102
127 100 101
127 101 100
127 102 99
127 103 98
127 104 97
127 105 96
