52 42 43 44 43 44
52 42 43 44 44 43
52 42 44 43 43 44
52 42 44 43 44 43
52 43 42 44 43 44
52 43 42 44 44 43
52 43 43 42 44 44
52 43 43 44 42 44
52 43 43 44 44 42
52 43 44 42 44 43
52 43 44 43 44 42
52 43 44 44 42 43
52 44 42 43 43 44
52 44 42 43 44 43
52 44 43 42 43 44
52 44 43 43 42 44
52 44 43 44 43 42
52 44 44 42 43 43
52 44 44 43 42 43
52 44 44 43 43 42
54 41 42 45 44 43
54 41 43 43 44 44
54 41 43 43 45 43
54 41 43 44 42 45
54 41 43 44 43 44
54 41 44 44 44 42
54 41 44 45 41 44
54 41 45 41 44 44
54 41 45 43 43 43
54 41 45 43 44 42
54 41 45 44 42 43
54 42 41 44 44 44
54 42 41 44 45 43
54 42 42 42 45 44
54 42 42 43 46 42
54 42 42 44 43 44
54 42 42 45 43 43
54 42 42 46 42 43
54 42 43 42 43 45
54 42 43 42 45 43
54 42 43 43 42 45
54 42 43 43 45 42
54 42 43 44 42 44
54 42 43 44 43 43
54 42 43 44 44 42
54 42 44 41 43 45
54 42 44 41 45 43
54 42 44 42 42 45
54 42 44 42 43 44
54 42 44 42 44 43
54 42 44 43 45 41
54 42 44 44 42 43
54 42 45 43 42 43
54 42 45 44 42 42
54 42 46 42 43 42
54 43 41 42 45 44
54 43 41 43 45 43
54 43 41 44 42 45
54 43 41 45 43 43
54 43 42 42 42 46
54 43 42 42 44 44
54 43 42 42 45 43
54 43 42 43 42 45
54 43 42 43 43 44
54 43 42 44 44 42
54 43 42 45 41 44
54 43 42 45 43 42
54 43 42 45 44 41
54 43 43 41 43 45
54 43 43 43 41 45
54 43 43 43 43 43
54 43 43 43 44 42
54 43 43 44 44 41
54 43 43 45 41 43
54 43 43 45 42 42
54 43 44 41 44 43
54 43 44 42 43 43
54 43 44 42 44 42
54 43 44 43 41 44
54 43 44 44 43 41
54 43 45 42 43 42
54 43 45 43 42 42
54 43 45 43 43 41
54 44 41 41 44 45
54 44 41 43 43 44
54 44 41 44 43 43
54 44 41 44 45 41
54 44 42 42 43 44
54 44 42 43 42 44
54 44 42 43 44 42
54 44 42 44 41 44
54 44 42 45 42 42
54 44 43 41 42 45
54 44 43 41 44 43
54 44 43 43 42 43
54 44 43 44 42 42
54 44 43 45 41 42
54 44 44 41 42 44
54 44 44 42 42 43
54 44 44 42 44 41
54 44 44 43 41 43
54 44 44 43 42 42
54 44 45 41 43 42
54 44 45 43 41 42
54 45 41 42 43 44
54 45 42 42 43 43
54 45 42 42 44 42
54 45 42 43 43 42
54 45 42 43 44 41
54 45 43 41 43 43
54 45 43 42 41 44
54 45 43 42 42 43
54 45 43 43 43 41
54 45 44 42 43 41
54 45 44 44 41 41
54 46 43 42 42 42
56 40 43 43 45 43
56 40 43 44 42 45
56 40 43 44 44 43
56 40 43 44 45 42
56 40 43 45 42 44
56 40 43 45 44 42
56 40 43 46 41 44
56 40 44 41 45 44
56 40 44 42 45 43
56 40 44 43 44 43
56 40 44 43 45 42
56 40 44 44 41 45
56 40 44 44 43 43
56 40 45 41 44 44
56 40 45 41 45 43
56 40 45 42 43 44
56 40 45 43 44 42
56 40 46 41 44 43
56 40 46 43 43 42
56 41 41 44 44 44
56 41 41 44 46 42
56 41 41 45 43 44
56 41 41 45 44 43
56 41 41 46 43 43
56 41 41 46 44 42
56 41 42 42 44 45
56 41 42 43 46 42
56 41 42 44 41 46
56 41 42 44 43 44
56 41 42 45 41 45
56 41 42 45 42 44
56 41 42 46 43 42
56 41 43 41 44 45
56 41 43 41 46 43
56 41 43 42 44 44
56 41 43 42 45 43
56 41 43 43 41 46
56 41 43 43 42 45
56 41 43 43 46 41
56 41 43 44 43 43
56 41 43 44 45 41
56 41 43 45 40 45
56 41 43 45 42 43
56 41 43 45 43 42
56 41 43 46 40 44
56 41 43 46 42 42
56 41 44 40 45 44
56 41 44 41 46 42
56 41 44 42 43 44
56 41 44 42 46 41
56 41 44 43 42 44
56 41 44 43 45 41
56 41 44 44 40 45
56 41 44 44 42 43
56 41 44 44 43 42
56 41 44 44 44 41
56 41 44 45 40 44
56 41 45 41 45 42
56 41 45 42 42 44
56 41 45 42 44 42
56 41 45 43 41 44
56 41 45 44 42 42
56 41 46 40 44 43
56 41 46 42 42 43
56 41 46 42 44 41
56 41 46 43 42 42
56 42 40 43 46 43
56 42 40 44 43 45
56 42 40 44 45 43
56 42 40 45 43 44
56 42 40 45 44 43
56 42 41 42 43 46
56 42 41 42 45 44
56 42 41 42 46 43
56 42 41 43 42 46
56 42 41 43 43 45
56 42 41 43 44 44
56 42 41 44 41 46
56 42 41 44 45 42
56 42 41 45 45 41
56 42 41 46 41 44
56 42 41 46 42 43
56 42 41 46 44 41
56 42 42 41 43 46
56 42 42 41 44 45
56 42 42 43 42 45
56 42 42 43 45 42
56 42 42 44 45 41
56 42 42 45 41 44
56 42 42 45 42 43
56 42 42 45 43 42
56 42 43 41 42 46
56 42 43 41 44 44
56 42 43 41 45 43
56 42 43 42 44 43
56 42 43 42 45 42
56 42 43 42 46 41
56 42 43 43 41 45
56 42 43 43 42 44
56 42 43 43 43 43
56 42 43 44 40 45
56 42 43 44 44 41
56 42 43 46 41 42
56 42 44 40 45 43
56 42 44 41 42 45
56 42 44 41 43 44
56 42 44 43 41 44
56 42 44 44 41 43
56 42 44 45 40 43
56 42 44 45 41 42
56 42 44 45 42 41
56 42 45 40 44 43
56 42 45 41 43 43
56 42 45 41 44 42
56 42 45 42 41 44
56 42 45 42 43 42
56 42 46 41 42 43
56 42 46 42 43 41
56 43 40 43 44 44
56 43 40 44 43 44
56 43 40 44 44 43
56 43 40 44 46 41
56 43 40 45 43 43
56 43 40 45 44 42
56 43 40 45 45 41
56 43 41 42 43 45
56 43 41 42 44 44
56 43 41 42 46 42
56 43 41 43 41 46
56 43 41 43 43 44
56 43 41 44 41 45
56 43 41 44 46 40
56 43 41 45 43 42
56 43 41 46 43 41
56 43 42 40 44 45
56 43 42 41 44 44
56 43 42 42 41 46
56 43 42 42 42 45
56 43 42 42 46 41
56 43 42 43 43 43
56 43 42 43 45 41
56 43 42 44 40 45
56 43 42 44 43 42
56 43 42 44 45 40
56 43 42 45 40 44
56 43 42 45 43 41
56 43 42 45 44 40
56 43 42 46 40 43
56 43 42 46 41 42
56 43 43 40 42 46
56 43 43 42 43 43
56 43 43 42 45 41
56 43 43 43 40 45
56 43 43 43 42 43
56 43 43 43 43 42
56 43 43 43 44 41
56 43 43 44 40 44
56 43 44 40 43 44
56 43 44 41 42 44
56 43 44 41 43 43
56 43 44 41 44 42
56 43 44 42 45 40
56 43 44 43 42 42
56 43 44 43 44 40
56 43 44 44 41 42
56 43 44 44 42 41
56 43 44 45 41 41
56 43 45 41 42 43
56 43 45 41 44 41
56 43 45 42 42 42
56 43 45 42 44 40
56 43 45 43 41 42
56 43 45 43 42 41
56 43 45 43 43 40
56 43 46 41 42 42
56 43 46 41 43 41
56 43 46 43 41 41
56 44 40 41 43 46
56 44 40 42 43 45
56 44 40 43 45 42
56 44 40 44 45 41
56 44 40 45 44 41
56 44 41 40 43 46
56 44 41 40 44 45
56 44 41 41 45 43
56 44 41 42 42 45
56 44 41 42 44 43
56 44 41 42 45 42
56 44 41 43 41 45
56 44 41 43 42 44
56 44 41 43 44 42
56 44 41 44 41 44
56 44 41 44 43 42
56 44 41 45 44 40
56 44 42 41 41 46
56 44 42 41 42 45
56 44 42 41 44 43
56 44 42 41 45 42
56 44 42 42 43 43
56 44 42 43 40 45
56 44 42 43 44 41
56 44 42 44 41 43
56 44 42 44 43 41
56 44 42 45 41 42
56 44 43 40 42 45
56 44 43 40 43 44
56 44 43 42 44 41
56 44 43 43 40 44
56 44 43 43 41 43
56 44 43 43 44 40
56 44 43 44 40 43
56 44 43 44 41 42
56 44 43 44 42 41
56 44 44 40 43 43
56 44 44 41 41 44
56 44 44 41 44 41
56 44 44 42 41 43
56 44 44 43 43 40
56 44 45 40 42 43
56 44 45 41 43 41
56 44 45 42 43 40
56 44 45 43 40 42
56 44 45 43 42 40
56 44 45 44 40 41
56 44 45 44 41 40
56 44 46 41 42 41
56 44 46 42 41 41
56 45 40 41 44 44
56 45 40 42 43 44
56 45 41 40 43 45
56 45 41 40 44 44
56 45 41 41 42 45
56 45 41 42 43 43
56 45 41 44 42 42
56 45 41 44 43 41
56 45 42 40 43 44
56 45 42 41 43 43
56 45 42 42 42 43
56 45 42 42 44 41
56 45 42 43 40 44
56 45 42 43 41 43
56 45 42 44 42 41
56 45 43 40 42 44
56 45 43 40 43 43
56 45 43 41 41 44
56 45 43 42 42 42
56 45 43 43 41 42
56 45 43 44 42 40
56 45 44 40 42 43
56 45 44 41 41 43
56 45 44 42 41 42
56 45 44 42 42 41
56 45 44 42 43 40
56 45 44 43 40 42
56 45 44 44 41 40
56 45 45 42 41 41
56 45 45 43 41 40
56 46 41 41 42 44
56 46 41 41 43 43
56 46 42 41 41 44
56 46 42 42 41 43
56 46 42 42 43 41
56 46 42 43 41 42
56 46 42 43 42 41
56 46 43 41 41 43
56 46 43 41 42 42
56 46 43 42 43 40
56 46 44 41 42 41
56 46 44 43 40 41
56 46 44 43 41 40
58 39 43 44 42 45
58 39 43 44 43 44
58 39 43 44 44 43
58 39 43 45 41 45
58 39 44 42 43 45
58 39 44 43 45 42
58 39 44 44 42 44
58 39 44 45 41 44
58 39 44 45 42 43
58 39 45 41 45 43
58 39 45 42 45 42
58 39 45 43 42 44
58 39 45 43 44 42
58 39 45 44 41 44
58 39 45 44 42 43
58 39 46 41 44 43
58 39 46 41 45 42
58 39 46 42 43 43
58 40 41 44 44 44
58 40 41 44 45 43
58 40 41 44 46 42
58 40 41 45 43 44
58 40 41 46 44 42
58 40 42 42 45 44
58 40 42 42 46 43
58 40 42 43 43 45
58 40 42 44 44 43
58 40 42 44 46 41
58 40 42 45 41 45
58 40 42 45 43 43
58 40 42 45 44 42
58 40 42 46 41 44
58 40 42 46 43 42
58 40 43 42 46 42
58 40 43 43 41 46
58 40 43 43 44 43
58 40 43 43 46 41
58 40 43 44 41 45
58 40 43 44 44 42
58 40 43 44 45 41
58 40 43 45 40 45
58 40 43 45 41 44
58 40 43 45 42 43
58 40 44 40 44 45
58 40 44 41 43 45
58 40 44 42 43 44
58 40 44 43 42 44
58 40 44 44 43 42
58 40 44 45 40 44
58 40 44 45 42 42
58 40 44 46 40 43
58 40 45 40 44 44
58 40 45 40 45 43
58 40 45 41 42 45
58 40 45 41 46 41
58 40 45 42 43 43
58 40 45 43 42 43
58 40 45 43 43 42
58 40 45 44 40 44
58 40 46 40 43 44
58 40 46 41 45 41
58 40 46 42 42 43
58 40 46 42 44 41
58 40 46 43 41 43
58 41 40 44 46 42
58 41 40 45 43 44
58 41 40 45 46 41
58 41 40 46 42 44
58 41 40 46 43 43
58 41 40 46 45 41
58 41 41 42 46 43
58 41 41 43 43 45
58 41 41 43 45 43
58 41 41 43 46 42
58 41 41 44 45 42
58 41 41 44 46 41
58 41 41 45 40 46
58 41 41 45 42 44
58 41 41 45 44 42
58 41 41 46 40 45
58 41 41 46 41 44
58 41 42 41 43 46
58 41 42 41 46 43
58 41 42 42 43 45
58 41 42 42 45 43
58 41 42 42 46 42
58 41 42 43 43 44
58 41 42 43 44 43
58 41 42 44 41 45
58 41 42 44 45 41
58 41 42 46 39 45
58 41 42 46 42 42
58 41 43 40 43 46
58 41 43 40 46 43
58 41 43 41 42 46
58 41 43 41 43 45
58 41 43 41 44 44
58 41 43 42 41 46
58 41 43 42 45 42
58 41 43 43 42 44
58 41 43 43 44 42
58 41 43 44 41 44
58 41 43 44 42 43
58 41 43 44 45 40
58 41 43 45 39 45
58 41 43 45 41 43
58 41 43 45 42 42
58 41 43 45 43 41
58 41 43 46 39 44
58 41 44 39 44 45
58 41 44 40 45 43
58 41 44 41 42 45
58 41 44 41 44 43
58 41 44 41 45 42
58 41 44 42 42 44
58 41 44 42 44 42
58 41 44 42 45 41
58 41 44 42 46 40
58 41 44 43 41 44
58 41 44 43 43 42
58 41 44 44 44 40
58 41 44 45 41 42
58 41 45 39 44 44
58 41 45 39 45 43
58 41 45 40 44 43
58 41 45 40 45 42
58 41 45 41 42 44
58 41 45 41 43 43
58 41 45 42 44 41
58 41 45 43 41 43
58 41 45 43 43 41
58 41 45 43 44 40
58 41 45 44 40 43
58 41 45 44 41 42
58 41 45 45 40 42
58 41 46 40 44 42
58 41 46 41 44 41
58 41 46 42 41 43
58 41 46 42 43 41
58 41 46 42 44 40
58 41 46 43 41 42
58 41 46 43 42 41
58 42 39 44 45 43
58 42 39 45 44 43
58 42 39 45 45 42
58 42 39 45 46 41
58 42 40 42 44 45
58 42 40 43 42 46
58 42 40 43 44 44
58 42 40 43 45 43
58 42 40 44 41 46
58 42 40 44 42 45
58 42 40 44 43 44
58 42 40 46 41 44
58 42 40 46 43 42
58 42 41 40 45 45
58 42 41 41 44 45
58 42 41 41 45 44
58 42 41 41 46 43
58 42 41 42 42 46
58 42 41 42 43 45
58 42 41 43 44 43
58 42 41 44 41 45
58 42 41 44 43 43
58 42 41 44 44 42
58 42 41 44 46 40
58 42 41 45 41 44
58 42 41 45 43 42
58 42 41 45 44 41
58 42 41 45 45 40
58 42 41 46 40 44
58 42 41 46 41 43
58 42 41 46 42 42
58 42 42 40 43 46
58 42 42 41 44 44
58 42 42 42 41 46
58 42 42 42 44 43
58 42 42 42 46 41
58 42 42 43 40 46
58 42 42 43 41 45
58 42 42 43 43 43
58 42 42 43 44 42
58 42 42 44 41 44
58 42 42 44 42 43
58 42 42 45 39 45
58 42 43 39 44 45
58 42 43 40 43 45
58 42 43 40 44 44
58 42 43 41 41 46
58 42 43 41 44 43
58 42 43 42 40 46
58 42 43 42 41 45
58 42 43 42 42 44
58 42 43 42 46 40
58 42 43 43 43 42
58 42 43 43 45 40
58 42 43 44 43 41
58 42 43 45 40 43
58 42 43 45 42 41
58 42 43 45 43 40
58 42 43 46 39 43
58 42 43 46 40 42
58 42 43 46 41 41
58 42 44 39 43 45
58 42 44 39 44 44
58 42 44 39 45 43
58 42 44 41 43 43
58 42 44 42 40 45
58 42 44 42 43 42
58 42 44 42 45 40
58 42 44 43 42 42
58 42 44 43 43 41
58 42 44 43 44 40
58 42 44 44 40 43
58 42 44 44 41 42
58 42 45 39 43 44
58 42 45 40 42 44
58 42 45 40 43 43
58 42 45 41 42 43
58 42 45 41 44 41
58 42 45 42 41 43
58 42 45 43 42 41
58 42 45 44 39 43
58 42 45 44 42 40
58 42 46 41 42 42
58 42 46 41 44 40
58 42 46 42 42 41
58 42 46 43 41 41
58 42 46 43 42 40
58 43 39 42 44 45
58 43 39 42 45 44
58 43 39 43 46 42
58 43 39 44 43 44
58 43 39 44 46 41
58 43 39 45 45 41
58 43 40 40 44 46
58 43 40 41 46 43
58 43 40 42 43 45
58 43 40 42 45 43
58 43 40 42 46 42
58 43 40 43 42 45
58 43 40 43 45 42
58 43 40 44 42 44
58 43 40 44 43 43
58 43 40 45 41 44
58 43 40 45 45 40
58 43 40 46 42 42
58 43 41 40 45 44
58 43 41 41 43 45
58 43 41 41 45 43
58 43 41 41 46 42
58 43 41 42 43 44
58 43 41 43 40 46
58 43 41 43 45 41
58 43 41 44 42 43
58 43 41 44 44 41
58 43 41 44 45 40
58 43 41 45 41 43
58 43 41 45 42 42
58 43 41 45 44 40
58 43 41 45 45 39
58 43 41 46 41 42
58 43 41 46 42 41
58 43 41 46 43 40
58 43 42 39 43 46
58 43 42 39 45 44
58 43 42 40 43 45
58 43 42 40 44 44
58 43 42 41 41 46
58 43 42 41 45 42
58 43 42 42 42 44
58 43 42 42 45 41
58 43 42 43 41 44
58 43 42 43 42 43
58 43 42 43 44 41
58 43 42 43 45 40
58 43 42 44 39 45
58 43 42 44 41 43
58 43 42 44 42 42
58 43 42 44 43 41
58 43 42 45 39 44
58 43 42 45 40 43
58 43 42 45 44 39
58 43 42 46 41 41
58 43 43 40 42 45
58 43 43 40 45 42
58 43 43 41 41 45
58 43 43 41 42 44
58 43 43 41 44 42
58 43 43 41 45 41
58 43 43 42 41 44
58 43 43 42 42 43
58 43 43 42 43 42
58 43 43 43 40 44
58 43 43 44 44 39
58 43 43 45 40 42
58 43 43 45 41 41
58 43 43 46 40 41
58 43 44 39 44 43
58 43 44 40 42 44
58 43 44 42 41 43
58 43 44 42 43 41
58 43 44 42 44 40
58 43 44 43 41 42
58 43 44 43 43 40
58 43 44 43 44 39
58 43 44 44 40 42
58 43 44 44 41 41
58 43 44 45 39 42
58 43 45 40 43 42
58 43 45 40 44 41
58 43 45 41 41 43
58 43 45 41 44 40
58 43 45 42 40 43
58 43 45 42 42 41
58 43 46 40 42 42
58 43 46 41 43 40
58 43 46 42 42 40
58 43 46 43 40 41
58 44 39 41 44 45
58 44 39 41 45 44
58 44 39 42 44 44
58 44 39 42 45 43
58 44 39 43 43 44
58 44 40 40 44 45
58 44 40 40 45 44
58 44 40 41 42 46
58 44 40 41 43 45
58 44 40 42 44 43
58 44 40 43 41 45
58 44 40 43 44 42
58 44 40 43 46 40
58 44 40 44 41 44
58 44 40 44 45 40
58 44 40 45 42 42
58 44 41 39 43 46
58 44 41 41 41 46
58 44 41 41 43 44
58 44 41 41 44 43
58 44 41 42 40 46
58 44 41 42 41 45
58 44 41 42 43 43
58 44 41 42 44 42
58 44 41 42 45 41
58 44 41 43 40 45
58 44 41 43 42 43
58 44 41 44 43 41
58 44 41 44 45 39
58 44 42 40 41 46
58 44 42 41 40 46
58 44 42 41 41 45
58 44 42 41 42 44
58 44 42 42 43 42
58 44 42 42 45 40
58 44 42 43 40 44
58 44 42 43 45 39
58 44 42 44 40 43
58 44 42 44 42 41
58 44 42 44 43 40
58 44 42 44 44 39
58 44 42 45 41 41
58 44 43 39 42 45
58 44 43 40 43 43
58 44 43 41 40 45
58 44 43 41 42 43
58 44 43 41 43 42
58 44 43 42 40 44
58 44 43 42 42 42
58 44 43 42 43 41
58 44 43 42 44 40
58 44 43 43 39 44
58 44 43 43 41 42
58 44 43 44 42 40
58 44 43 45 39 42
58 44 43 45 41 40
58 44 43 45 42 39
58 44 44 39 43 43
58 44 44 40 42 43
58 44 44 40 43 42
58 44 44 40 44 41
58 44 44 41 40 44
58 44 44 42 42 41
58 44 44 43 39 43
58 44 44 43 41 41
58 44 44 44 39 42
58 44 44 45 39 41
58 44 44 45 40 40
58 44 45 40 42 42
58 44 45 41 42 41
58 44 45 42 41 41
58 44 45 42 43 39
58 44 45 43 39 42
58 44 45 43 40 41
58 44 46 40 42 41
58 45 39 41 43 45
58 45 39 42 43 44
58 45 39 43 44 42
58 45 40 40 43 45
58 45 40 41 42 45
58 45 40 41 43 44
58 45 40 42 45 41
58 45 40 43 42 43
58 45 40 43 44 41
58 45 40 44 44 40
58 45 41 39 42 46
58 45 41 39 43 45
58 45 41 40 41 46
58 45 41 41 42 44
58 45 41 42 44 41
58 45 41 43 41 43
58 45 41 43 42 42
58 45 41 43 43 41
58 45 41 44 44 39
58 45 42 39 42 45
58 45 42 40 44 42
58 45 42 41 41 44
58 45 42 41 42 43
58 45 42 41 43 42
58 45 42 42 40 44
58 45 42 43 41 42
58 45 42 43 43 40
58 45 42 43 44 39
58 45 42 44 40 42
58 45 42 44 41 41
58 45 42 44 43 39
58 45 42 45 41 40
58 45 43 39 42 44
58 45 43 41 43 41
58 45 43 42 40 43
58 45 43 42 43 40
58 45 43 43 40 42
58 45 43 43 41 41
58 45 43 43 42 40
58 45 43 44 39 42
58 45 44 40 41 43
58 45 44 40 43 41
58 45 44 41 40 43
58 45 44 41 41 42
58 45 44 41 42 41
58 45 44 42 43 39
58 45 44 43 40 41
58 45 44 44 39 41
58 45 44 44 40 40
58 45 45 42 40 41
58 45 45 42 42 39
58 45 45 43 39 41
58 45 45 43 40 40
58 45 45 43 41 39
58 45 46 41 41 40
58 46 40 41 43 43
58 46 41 40 41 45
58 46 41 41 43 42
58 46 41 42 43 41
58 46 41 43 42 41
58 46 41 43 43 40
58 46 42 40 42 43
58 46 42 40 43 42
58 46 42 41 40 44
58 46 42 41 42 42
58 46 42 41 43 41
58 46 42 42 40 43
58 46 42 42 41 42
58 46 42 43 42 40
58 46 43 40 41 43
58 46 43 41 42 41
58 46 43 43 42 39
58 46 43 44 40 40
58 46 44 40 41 42
58 46 44 40 42 41
58 46 44 41 41 41
58 46 44 41 42 40
58 46 44 42 40 41
58 46 44 43 41 39
58 46 45 41 41 40
58 46 45 42 41 39
60 39 42 44 44 43
60 39 42 45 42 44
60 39 42 45 43 43
60 39 43 42 44 44
60 39 43 42 45 43
60 39 43 43 42 45
60 39 43 43 43 44
60 39 43 44 44 42
60 39 43 45 41 44
60 39 44 43 43 43
60 39 44 43 44 42
60 39 44 44 41 44
60 39 44 44 43 42
60 39 44 45 41 43
60 39 45 41 44 43
60 39 45 42 43 43
60 39 45 42 44 42
60 39 45 43 41 44
60 39 45 43 42 43
60 39 46 42 43 42
60 40 41 43 44 44
60 40 41 43 45 43
60 40 41 44 42 45
60 40 41 45 43 43
60 40 41 46 43 42
60 40 42 41 45 44
60 40 42 43 46 41
60 40 42 45 40 45
60 40 42 45 43 42
60 40 42 45 44 41
60 40 43 41 43 45
60 40 43 41 46 42
60 40 43 42 43 44
60 40 43 42 45 42
60 40 43 42 46 41
60 40 43 43 43 43
60 40 43 44 40 45
60 40 43 44 41 44
60 40 43 45 42 42
60 40 44 40 43 45
60 40 44 40 45 43
60 40 44 41 42 45
60 40 44 41 43 44
60 40 44 41 44 43
60 40 44 42 41 45
60 40 44 43 42 43
60 40 44 43 44 41
60 40 44 44 41 43
60 40 45 40 45 42
60 40 45 41 42 44
60 40 45 41 44 42
60 40 45 42 42 43
60 40 45 43 41 43
60 40 45 43 42 42
60 40 45 44 40 43
60 40 46 41 42 43
60 41 40 44 42 45
60 41 40 44 44 43
60 41 40 46 42 43
60 41 40 46 43 42
60 41 41 42 45 43
60 41 41 43 41 46
60 41 41 43 44 43
60 41 41 43 45 42
60 41 41 43 46 41
60 41 41 44 41 45
60 41 41 44 42 44
60 41 41 44 43 43
60 41 41 45 44 41
60 41 41 46 41 43
60 41 41 46 43 41
60 41 42 40 45 44
60 41 42 41 42 46
60 41 42 41 45 43
60 41 42 41 46 42
60 41 42 42 41 46
60 41 42 42 42 45
60 41 42 42 43 44
60 41 42 43 40 46
60 41 42 43 44 42
60 41 42 44 41 44
60 41 42 44 44 41
60 41 42 45 40 44
60 41 42 45 44 40
60 41 42 46 41 42
60 41 43 39 44 45
60 41 43 40 43 45
60 41 43 41 44 43
60 41 43 41 46 41
60 41 43 42 41 45
60 41 43 42 44 42
60 41 43 42 46 40
60 41 43 43 41 44
60 41 43 43 43 42
60 41 43 43 44 41
60 41 43 43 45 40
60 41 43 44 40 44
60 41 43 44 41 43
60 41 43 44 42 42
60 41 43 45 39 44
60 41 43 46 40 42
60 41 44 39 44 44
60 41 44 40 43 44
60 41 44 40 44 43
60 41 44 41 43 43
60 41 44 41 44 42
60 41 44 41 45 41
60 41 44 42 40 45
60 41 44 42 42 43
60 41 44 43 43 41
60 41 44 44 40 43
60 41 44 44 43 40
60 41 44 45 40 42
60 41 45 39 43 44
60 41 45 39 44 43
60 41 45 42 43 41
60 41 45 43 40 43
60 41 45 43 42 41
60 41 45 43 43 40
60 41 45 44 40 42
60 41 46 41 42 42
60 41 46 41 43 41
60 41 46 42 41 42
60 42 39 43 44 44
60 42 39 43 46 42
60 42 39 44 43 44
60 42 39 44 44 43
60 42 39 44 45 42
60 42 40 42 43 45
60 42 40 42 45 43
60 42 40 43 41 46
60 42 40 43 42 45
60 42 40 44 45 41
60 42 40 45 43 42
60 42 40 45 45 40
60 42 40 46 43 41
60 42 41 40 43 46
60 42 41 40 44 45
60 42 41 40 45 44
60 42 41 41 42 46
60 42 41 41 46 42
60 42 41 42 43 44
60 42 41 42 46 41
60 42 41 43 40 46
60 42 41 43 43 43
60 42 41 44 42 43
60 42 41 44 43 42
60 42 41 44 44 41
60 42 41 45 41 43
60 42 41 46 42 41
60 42 42 40 43 45
60 42 42 41 43 44
60 42 42 41 45 42
60 42 42 42 43 43
60 42 42 43 40 45
60 42 42 43 41 44
60 42 42 44 45 39
60 42 42 45 39 44
60 42 42 45 42 41
60 42 42 46 39 43
60 42 42 46 41 41
60 42 43 39 43 45
60 42 43 39 45 43
60 42 43 40 42 45
60 42 43 40 43 44
60 42 43 41 41 45
60 42 43 42 42 43
60 42 43 42 45 40
60 42 43 43 39 45
60 42 43 43 42 42
60 42 43 43 45 39
60 42 43 44 41 42
60 42 43 44 42 41
60 42 43 45 39 43
60 42 43 45 40 42
60 42 44 40 45 41
60 42 44 41 42 43
60 42 44 41 44 41
60 42 44 41 45 40
60 42 44 42 41 43
60 42 44 42 43 41
60 42 44 43 39 44
60 42 44 43 40 43
60 42 44 43 44 39
60 42 45 39 44 42
60 42 45 40 42 43
60 42 45 42 41 42
60 42 45 43 41 41
60 42 45 44 40 41
60 42 45 44 41 40
60 42 46 41 43 40
60 42 46 42 41 41
60 43 39 41 44 45
60 43 39 42 45 43
60 43 39 43 42 45
60 43 39 43 44 43
60 43 39 43 45 42
60 43 39 44 42 44
60 43 39 44 45 41
60 43 39 45 43 42
60 43 40 40 45 44
60 43 40 41 44 44
60 43 40 41 45 43
60 43 40 42 44 43
60 43 40 42 45 42
60 43 40 42 46 41
60 43 40 43 41 45
60 43 40 43 43 43
60 43 40 44 44 41
60 43 40 45 41 43
60 43 40 45 44 40
60 43 41 40 44 44
60 43 41 40 45 43
60 43 41 41 41 46
60 43 41 41 43 44
60 43 41 42 40 46
60 43 41 42 44 42
60 43 41 43 41 44
60 43 41 43 44 41
60 43 41 44 40 44
60 43 41 44 41 43
60 43 41 44 43 41
60 43 41 44 44 40
60 43 41 44 45 39
60 43 41 45 41 42
60 43 41 45 42 41
60 43 42 39 42 46
60 43 42 39 43 45
60 43 42 40 44 43
60 43 42 41 41 45
60 43 42 41 44 42
60 43 42 42 41 44
60 43 42 42 43 42
60 43 42 42 44 41
60 43 42 42 45 40
60 43 42 43 41 43
60 43 42 43 42 42
60 43 42 44 39 44
60 43 42 45 40 42
60 43 42 45 43 39
60 43 43 39 43 44
60 43 43 39 44 43
60 43 43 40 43 43
60 43 43 41 40 45
60 43 43 41 41 44
60 43 43 41 42 43
60 43 43 42 43 41
60 43 43 43 40 43
60 43 43 43 43 40
60 43 43 44 39 43
60 43 43 44 40 42
60 43 43 44 42 40
60 43 43 44 43 39
60 43 43 45 39 42
60 43 43 45 40 41
60 43 43 45 41 40
60 43 44 39 42 44
60 43 44 41 40 44
60 43 44 41 43 41
60 43 44 42 42 41
60 43 44 42 44 39
60 43 44 43 39 43
60 43 44 43 41 41
60 43 44 44 42 39
60 43 44 45 39 41
60 43 45 39 43 42
60 43 45 40 42 42
60 43 45 40 43 41
60 43 45 42 42 40
60 43 45 43 39 42
60 43 45 43 42 39
60 43 46 40 42 41
60 43 46 41 41 41
60 43 46 41 42 40
60 43 46 42 41 40
60 44 39 41 43 45
60 44 39 41 44 44
60 44 39 41 45 43
60 44 39 42 42 45
60 44 39 43 43 43
60 44 39 44 43 42
60 44 40 41 43 44
60 44 40 42 45 41
60 44 40 43 43 42
60 44 40 43 44 41
60 44 40 44 41 43
60 44 40 45 42 41
60 44 41 39 43 45
60 44 41 40 42 45
60 44 41 40 43 44
60 44 41 41 42 44
60 44 41 41 43 43
60 44 41 42 41 44
60 44 41 43 42 42
60 44 41 43 44 40
60 44 41 43 45 39
60 44 41 44 44 39
60 44 41 45 42 40
60 44 42 39 42 45
60 44 42 39 44 43
60 44 42 41 42 43
60 44 42 43 39 44
60 44 42 43 41 42
60 44 42 43 42 41
60 44 42 43 43 40
60 44 42 44 39 43
60 44 42 45 41 40
60 44 43 39 42 44
60 44 43 40 41 44
60 44 43 40 44 41
60 44 43 41 41 43
60 44 43 41 42 42
60 44 43 41 43 41
60 44 43 42 39 44
60 44 43 42 44 39
60 44 43 43 41 41
60 44 43 43 43 39
60 44 43 44 40 41
60 44 43 44 41 40
60 44 43 45 40 40
60 44 44 39 42 43
60 44 44 39 43 42
60 44 44 41 41 42
60 44 44 41 43 40
60 44 44 42 41 41
60 44 44 42 43 39
60 44 44 43 40 41
60 44 44 43 41 40
60 44 44 44 39 41
60 44 45 40 41 42
60 44 45 41 40 42
60 44 45 41 41 41
60 44 45 43 40 40
60 45 39 42 43 43
60 45 40 40 42 45
60 45 40 40 43 44
60 45 40 41 44 42
60 45 40 42 41 44
60 45 40 42 44 41
60 45 40 43 43 41
60 45 40 43 44 40
60 45 41 40 44 42
60 45 41 41 41 44
60 45 41 41 43 42
60 45 41 42 40 44
60 45 41 42 42 42
60 45 41 43 43 40
60 45 41 44 43 39
60 45 42 39 43 43
60 45 42 40 42 43
60 45 42 41 43 41
60 45 42 42 40 43
60 45 42 42 43 40
60 45 42 43 40 42
60 45 42 43 42 40
60 45 42 43 43 39
60 45 42 44 41 40
60 45 43 40 43 41
60 45 43 41 40 43
60 45 43 41 42 41
60 45 43 42 39 43
60 45 43 43 42 39
60 45 43 44 39 41
60 45 44 42 39 42
60 45 44 42 41 40
60 45 44 42 42 39
60 45 44 43 39 41
60 45 44 43 41 39
60 45 45 42 40 40
60 46 41 40 42 43
60 46 41 41 41 43
60 46 41 41 42 42
60 46 41 42 42 41
60 46 42 40 41 43
60 46 42 41 40 43
60 46 42 42 41 41
60 46 42 43 41 40
60 46 43 40 41 42
60 46 43 41 41 41
60 46 43 42 42 39
62 40 43 42 43 43
62 40 44 42 43 42
62 41 41 42 44 43
62 41 41 44 43 42
62 41 42 42 43 43
62 41 42 43 42 43
62 41 42 43 43 42
62 41 42 44 42 42
62 41 43 41 43 43
62 41 43 42 42 43
62 41 43 42 44 41
62 41 43 43 41 43
62 41 44 43 42 41
62 42 40 43 44 42
62 42 41 42 42 44
62 42 41 43 41 44
62 42 41 43 42 43
62 42 42 41 43 43
62 42 42 42 44 41
62 42 42 43 43 41
62 42 42 44 40 43
62 42 43 41 41 44
62 42 43 41 43 42
62 42 43 42 41 43
62 42 43 42 43 41
62 42 43 43 40 43
62 42 43 43 41 42
62 42 43 43 42 41
62 42 44 41 42 42
62 43 40 43 43 42
62 43 41 41 43 43
62 43 41 42 42 43
62 43 41 42 43 42
62 43 41 43 42 42
62 43 41 43 43 41
62 43 41 44 41 42
62 43 42 40 42 44
62 43 42 40 43 43
62 43 42 41 43 42
62 43 42 42 41 43
62 43 42 43 42 41
62 43 43 41 42 42
62 43 43 42 41 42
62 43 43 43 41 41
62 43 43 43 42 40
62 43 44 41 42 41
62 44 42 41 41 43
62 44 42 41 43 41
62 44 42 42 41 42
62 44 43 42 42 40
