60 51 51 52 51 53
60 51 51 52 52 52
60 51 51 52 53 51
60 51 51 53 51 52
60 51 51 53 52 51
60 51 52 51 52 52
60 51 52 51 53 51
60 51 52 52 51 52
60 51 52 52 52 51
60 51 53 51 52 51
60 52 51 51 51 53
60 52 51 51 52 52
60 52 51 52 51 52
60 52 51 52 52 51
60 52 52 51 51 52
60 52 52 51 52 51
60 52 52 52 51 51
60 52 53 51 51 51
60 53 51 51 51 52
60 53 52 51 51 51
62 49 51 53 52 52
62 49 51 54 51 52
62 49 52 51 52 53
62 49 52 51 54 51
62 49 52 52 51 53
62 49 52 52 52 52
62 49 52 52 53 51
62 49 53 50 53 52
62 49 53 51 51 53
62 49 53 51 52 52
62 49 53 51 53 51
62 49 53 52 51 52
62 49 53 52 52 51
62 49 53 53 50 52
62 49 54 50 52 52
62 49 54 51 51 52
62 49 54 51 52 51
62 50 50 52 52 53
62 50 50 52 53 52
62 50 50 52 54 51
62 50 50 53 51 53
62 50 50 53 52 52
62 50 50 53 54 50
62 50 50 54 50 53
62 50 50 54 51 52
62 50 50 54 52 51
62 50 51 50 53 53
62 50 51 51 51 54
62 50 51 51 53 52
62 50 51 51 54 51
62 50 51 52 51 53
62 50 51 52 53 51
62 50 51 52 54 50
62 50 51 53 50 53
62 50 51 53 51 52
62 50 51 53 53 50
62 50 51 54 50 52
62 50 51 54 51 51
62 50 52 50 53 52
62 50 52 51 51 53
62 50 52 51 54 50
62 50 52 52 50 53
62 50 52 52 51 52
62 50 52 52 53 50
62 50 52 53 49 53
62 50 52 53 51 51
62 50 52 53 52 50
62 50 52 54 49 52
62 50 52 54 50 51
62 50 53 49 52 53
62 50 53 50 51 53
62 50 53 50 53 51
62 50 53 51 50 53
62 50 53 51 51 52
62 50 53 52 51 51
62 50 53 52 52 50
62 50 53 53 50 51
62 50 54 50 51 52
62 50 54 50 52 51
62 50 54 50 53 50
62 50 54 51 51 51
62 50 54 51 52 50
62 51 49 52 53 52
62 51 49 52 54 51
62 51 49 53 52 52
62 51 49 53 53 51
62 51 49 54 52 51
62 51 50 50 52 54
62 51 50 50 53 53
62 51 50 51 51 54
62 51 50 51 52 53
62 51 50 51 53 52
62 51 50 51 54 51
62 51 50 52 50 54
62 51 50 52 54 50
62 51 50 53 51 52
62 51 50 53 53 50
62 51 50 54 50 52
62 51 50 54 51 51
62 51 51 49 52 54
62 51 51 49 53 53
62 51 51 50 51 54
62 51 51 50 52 53
62 51 51 50 53 52
62 51 51 50 54 51
62 51 51 51 50 54
62 51 51 51 51 53
62 51 51 51 52 52
62 51 51 51 53 51
62 51 51 51 54 50
62 51 51 52 49 54
62 51 51 52 51 52
62 51 51 52 52 51
62 51 51 52 53 50
62 51 51 52 54 49
62 51 51 53 49 53
62 51 51 53 51 51
62 51 51 53 52 50
62 51 51 54 49 52
62 51 51 54 50 51
62 51 51 54 51 50
62 51 52 49 52 53
62 51 52 49 53 52
62 51 52 50 51 53
62 51 52 50 52 52
62 51 52 50 53 51
62 51 52 51 50 53
62 51 52 51 51 52
62 51 52 51 52 51
62 51 52 52 51 51
62 51 52 52 53 49
62 51 52 53 49 52
62 51 52 53 50 51
62 51 52 54 49 51
62 51 53 50 51 52
62 51 53 50 52 51
62 51 53 50 53 50
62 51 53 51 51 51
62 51 53 51 52 50
62 51 53 52 49 52
62 51 53 52 50 51
62 51 53 52 51 50
62 51 53 53 49 51
62 51 53 53 50 50
62 51 54 49 52 51
62 51 54 50 51 51
62 51 54 50 52 50
62 51 54 51 50 51
62 51 54 51 51 50
62 52 49 50 53 53
62 52 49 51 51 54
62 52 49 51 53 52
62 52 49 51 54 51
62 52 49 52 51 53
62 52 49 52 52 52
62 52 49 52 53 51
62 52 49 52 54 50
62 52 49 53 53 50
62 52 50 49 52 54
62 52 50 50 51 54
62 52 50 51 50 54
62 52 50 51 51 53
62 52 50 51 52 52
62 52 50 51 53 51
62 52 50 51 54 50
62 52 50 52 50 53
62 52 50 53 50 52
62 52 50 53 51 51
62 52 50 53 52 50
62 52 51 49 51 54
62 52 51 49 52 53
62 52 51 49 53 52
62 52 51 50 50 54
62 52 51 51 50 53
62 52 51 51 51 52
62 52 51 51 52 51
62 52 51 51 53 50
62 52 51 52 49 53
62 52 51 52 51 51
62 52 51 52 52 50
62 52 51 53 49 52
62 52 51 53 50 51
62 52 51 53 51 50
62 52 51 53 52 49
62 52 52 49 51 53
62 52 52 49 52 52
62 52 52 50 50 53
62 52 52 50 53 50
62 52 52 51 51 51
62 52 52 52 49 52
62 52 52 52 50 51
62 52 52 52 52 49
62 52 52 53 49 51
62 52 52 53 51 49
62 52 53 49 52 51
62 52 53 50 50 52
62 52 53 50 52 50
62 52 53 51 50 51
62 52 53 51 52 49
62 52 53 52 49 51
62 52 53 52 50 50
62 52 54 50 51 50
62 52 54 51 51 49
62 53 49 51 52 52
62 53 49 51 53 51
62 53 49 52 52 51
62 53 50 49 52 53
62 53 50 50 50 54
62 53 50 50 51 53
62 53 50 50 52 52
62 53 50 50 53 51
62 53 50 51 50 53
62 53 50 51 51 52
62 53 50 51 52 51
62 53 50 51 53 50
62 53 50 52 50 52
62 53 50 52 53 49
62 53 50 53 51 50
62 53 51 49 51 53
62 53 51 50 52 51
62 53 51 51 51 51
62 53 51 51 52 50
62 53 51 52 50 51
62 53 51 52 51 50
62 53 51 52 52 49
62 53 51 53 50 50
62 53 51 53 51 49
62 53 52 49 51 52
62 53 52 50 50 52
62 53 52 50 51 51
62 53 52 50 52 50
62 53 52 51 49 52
62 53 52 51 50 51
62 53 52 51 52 49
62 53 52 52 51 49
62 53 52 53 49 50
62 53 53 50 50 51
62 53 53 51 50 50
62 53 53 51 51 49
62 53 53 52 50 49
62 54 50 51 51 51
62 54 51 49 51 52
62 54 51 50 50 52
62 54 51 50 51 51
62 54 51 51 50 51
62 54 51 51 51 50
62 54 51 52 50 50
62 54 51 52 51 49
62 54 52 50 50 51
62 54 52 50 51 50
62 54 52 51 49 51
62 54 52 51 50 50
62 54 52 51 51 49
62 54 52 52 50 49
62 54 53 50 50 50
64 47 54 51 52 52
64 48 51 52 53 52
64 48 51 52 54 51
64 48 51 53 51 53
64 48 51 53 52 52
64 48 51 53 53 51
64 48 51 54 50 53
64 48 51 54 51 52
64 48 51 54 52 51
64 48 52 51 52 53
64 48 52 51 53 52
64 48 52 51 54 51
64 48 52 52 51 53
64 48 52 52 52 52
64 48 52 52 53 51
64 48 52 53 51 52
64 48 52 54 49 53
64 48 53 51 51 53
64 48 53 51 52 52
64 48 53 51 53 51
64 48 53 51 54 50
64 48 53 52 50 53
64 48 53 52 51 52
64 48 53 52 52 51
64 48 53 52 53 50
64 48 53 53 49 53
64 48 53 53 50 52
64 48 54 49 52 53
64 48 54 49 53 52
64 48 54 49 54 51
64 48 54 50 51 53
64 48 54 50 53 51
64 48 54 51 52 51
64 48 55 49 53 51
64 48 55 50 52 51
64 48 55 50 53 50
64 48 55 51 51 51
64 49 49 54 52 52
64 49 50 51 54 52
64 49 50 52 52 53
64 49 50 52 53 52
64 49 50 52 55 50
64 49 50 53 53 51
64 49 50 53 54 50
64 49 50 54 49 54
64 49 50 54 50 53
64 49 50 54 51 52
64 49 50 54 52 51
64 49 50 54 53 50
64 49 50 55 49 53
64 49 50 55 50 52
64 49 50 55 51 51
64 49 51 50 53 53
64 49 51 50 55 51
64 49 51 51 53 52
64 49 51 51 54 51
64 49 51 51 55 50
64 49 51 52 50 54
64 49 51 52 52 52
64 49 51 52 53 51
64 49 51 52 54 50
64 49 51 53 49 54
64 49 51 53 51 52
64 49 51 53 52 51
64 49 51 54 48 54
64 49 51 54 49 53
64 49 51 54 50 52
64 49 51 54 51 51
64 49 51 54 52 50
64 49 51 55 48 53
64 49 51 55 50 51
64 49 52 49 52 54
64 49 52 49 53 53
64 49 52 49 54 52
64 49 52 50 51 54
64 49 52 50 52 53
64 49 52 50 53 52
64 49 52 50 54 51
64 49 52 50 55 50
64 49 52 51 50 54
64 49 52 51 51 53
64 49 52 51 52 52
64 49 52 51 53 51
64 49 52 52 49 54
64 49 52 52 50 53
64 49 52 52 51 52
64 49 52 52 52 51
64 49 52 52 54 49
64 49 52 53 50 52
64 49 52 53 52 50
64 49 52 54 48 53
64 49 52 54 49 52
64 49 52 54 50 51
64 49 53 48 53 53
64 49 53 49 54 51
64 49 53 50 51 53
64 49 53 50 52 52
64 49 53 50 53 51
64 49 53 51 50 53
64 49 53 51 52 51
64 49 53 52 49 53
64 49 53 52 50 52
64 49 53 52 51 51
64 49 53 53 50 51
64 49 53 53 51 50
64 49 53 54 48 52
64 49 54 48 53 52
64 49 54 49 52 52
64 49 54 49 53 51
64 49 54 49 54 50
64 49 54 50 51 52
64 49 54 50 52 51
64 49 54 50 53 50
64 49 54 51 50 52
64 49 54 51 51 51
64 49 54 51 52 50
64 49 54 52 49 52
64 49 55 49 53 50
64 49 55 50 51 51
64 49 55 50 52 50
64 49 55 51 51 50
64 50 48 53 53 52
64 50 48 53 55 50
64 50 48 54 53 51
64 50 49 51 53 53
64 50 49 51 55 51
64 50 49 52 51 54
64 50 49 52 52 53
64 50 49 52 54 51
64 50 49 52 55 50
64 50 49 53 50 54
64 50 49 53 54 50
64 50 49 53 55 49
64 50 49 54 50 53
64 50 49 54 51 52
64 50 49 54 54 49
64 50 49 55 50 52
64 50 49 55 51 51
64 50 49 55 52 50
64 50 50 50 53 53
64 50 50 51 50 55
64 50 50 51 52 53
64 50 50 51 53 52
64 50 50 52 49 55
64 50 50 52 51 53
64 50 50 52 55 49
64 50 50 53 50 53
64 50 50 53 51 52
64 50 50 53 53 50
64 50 50 53 54 49
64 50 50 54 49 53
64 50 50 54 51 51
64 50 50 55 48 53
64 50 50 55 49 52
64 50 50 55 51 50
64 50 51 49 52 54
64 50 51 49 53 53
64 50 51 49 54 52
64 50 51 50 51 54
64 50 51 50 53 52
64 50 51 50 54 51
64 50 51 50 55 50
64 50 51 51 49 55
64 50 51 51 50 54
64 50 51 51 51 53
64 50 51 51 53 51
64 50 51 51 54 50
64 50 51 51 55 49
64 50 51 52 49 54
64 50 51 52 50 53
64 50 51 52 52 51
64 50 51 52 53 50
64 50 51 52 54 49
64 50 51 53 49 53
64 50 51 53 50 52
64 50 51 53 52 50
64 50 51 54 48 53
64 50 51 54 49 52
64 50 51 54 50 51
64 50 51 55 48 52
64 50 51 55 49 51
64 50 52 48 53 53
64 50 52 49 52 53
64 50 52 49 53 52
64 50 52 49 54 51
64 50 52 50 53 51
64 50 52 51 50 53
64 50 52 51 51 52
64 50 52 51 52 51
64 50 52 51 54 49
64 50 52 52 49 53
64 50 52 52 51 51
64 50 52 53 49 52
64 50 52 53 50 51
64 50 52 53 51 50
64 50 52 53 52 49
64 50 52 54 49 51
64 50 53 48 52 53
64 50 53 49 51 53
64 50 53 49 52 52
64 50 53 50 50 53
64 50 53 50 51 52
64 50 53 50 52 51
64 50 53 50 53 50
64 50 53 50 54 49
64 50 53 51 49 53
64 50 53 51 53 49
64 50 53 52 49 52
64 50 53 52 51 50
64 50 53 52 52 49
64 50 53 53 49 51
64 50 53 53 50 50
64 50 53 54 48 51
64 50 54 48 53 51
64 50 54 49 51 52
64 50 54 49 52 51
64 50 54 49 53 50
64 50 54 50 51 51
64 50 54 50 53 49
64 50 54 51 50 51
64 50 54 52 49 51
64 50 54 52 51 49
64 50 55 49 51 51
64 50 55 49 52 50
64 50 55 50 52 49
64 51 48 51 55 51
64 51 48 52 51 54
64 51 48 52 53 52
64 51 48 52 54 51
64 51 48 52 55 50
64 51 48 53 51 53
64 51 48 53 52 52
64 51 48 53 53 51
64 51 48 53 54 50
64 51 48 53 55 49
64 51 48 54 51 52
64 51 48 54 52 51
64 51 48 54 54 49
64 51 49 50 51 55
64 51 49 50 52 54
64 51 49 50 53 53
64 51 49 51 50 55
64 51 49 51 51 54
64 51 49 51 53 52
64 51 49 51 54 51
64 51 49 51 55 50
64 51 49 52 50 54
64 51 49 52 51 53
64 51 49 52 52 52
64 51 49 52 53 51
64 51 49 52 54 50
64 51 49 53 50 53
64 51 49 53 51 52
64 51 49 53 52 51
64 51 49 53 53 50
64 51 49 53 54 49
64 51 49 54 51 51
64 51 49 54 52 50
64 51 49 54 53 49
64 51 49 55 51 50
64 51 50 48 53 54
64 51 50 49 51 55
64 51 50 49 52 54
64 51 50 49 53 53
64 51 50 49 54 52
64 51 50 50 51 54
64 51 50 50 52 53
64 51 50 50 54 51
64 51 50 51 49 55
64 51 50 51 50 54
64 51 50 51 52 52
64 51 50 51 54 50
64 51 50 51 55 49
64 51 50 52 51 52
64 51 50 52 52 51
64 51 50 52 53 50
64 51 50 52 54 49
64 51 50 53 48 54
64 51 50 53 51 51
64 51 50 53 52 50
64 51 50 53 54 48
64 51 50 54 49 52
64 51 50 54 51 50
64 51 50 54 52 49
64 51 50 55 49 51
64 51 51 48 51 55
64 51 51 48 53 53
64 51 51 49 50 55
64 51 51 49 51 54
64 51 51 49 53 52
64 51 51 50 52 52
64 51 51 50 53 51
64 51 51 51 49 54
64 51 51 51 50 53
64 51 51 51 51 52
64 51 51 51 52 51
64 51 51 51 54 49
64 51 51 52 48 54
64 51 51 52 49 53
64 51 51 52 50 52
64 51 51 52 51 51
64 51 51 52 53 49
64 51 51 52 54 48
64 51 51 53 48 53
64 51 51 53 49 52
64 51 51 53 51 50
64 51 51 53 53 48
64 51 51 54 48 52
64 51 51 54 49 51
64 51 51 54 50 50
64 51 51 55 48 51
64 51 52 48 52 53
64 51 52 48 53 52
64 51 52 49 51 53
64 51 52 49 52 52
64 51 52 50 49 54
64 51 52 50 50 53
64 51 52 50 51 52
64 51 52 50 53 50
64 51 52 50 54 49
64 51 52 51 49 53
64 51 52 51 51 51
64 51 52 51 52 50
64 51 52 51 53 49
64 51 52 51 54 48
64 51 52 52 48 53
64 51 52 52 49 52
64 51 52 52 50 51
64 51 52 52 52 49
64 51 52 52 53 48
64 51 52 53 48 52
64 51 52 54 47 52
64 51 52 54 49 50
64 51 53 48 52 52
64 51 53 48 53 51
64 51 53 49 50 53
64 51 53 49 52 51
64 51 53 50 50 52
64 51 53 50 52 50
64 51 53 51 50 51
64 51 53 51 51 50
64 51 53 51 52 49
64 51 53 51 53 48
64 51 53 52 48 52
64 51 53 52 49 51
64 51 53 52 50 50
64 51 53 52 51 49
64 51 53 52 52 48
64 51 53 53 48 51
64 51 53 53 49 50
64 51 53 53 50 49
64 51 54 48 52 51
64 51 54 49 51 51
64 51 54 49 52 50
64 51 54 50 51 50
64 51 54 50 52 49
64 51 54 51 50 50
64 51 54 51 51 49
64 51 54 51 52 48
64 51 54 52 49 50
64 51 55 49 51 50
64 51 55 50 50 50
64 51 55 50 51 49
64 51 55 51 50 49
64 52 47 52 54 51
64 52 48 50 53 53
64 52 48 51 51 54
64 52 48 51 52 53
64 52 48 51 53 52
64 52 48 52 51 53
64 52 48 52 52 52
64 52 48 52 53 51
64 52 48 53 51 52
64 52 48 53 52 51
64 52 48 53 54 49
64 52 49 48 53 54
64 52 49 49 52 54
64 52 49 49 54 52
64 52 49 50 50 55
64 52 49 50 51 54
64 52 49 50 52 53
64 52 49 50 53 52
64 52 49 50 54 51
64 52 49 51 50 54
64 52 49 51 51 53
64 52 49 51 52 52
64 52 49 51 54 50
64 52 49 52 49 54
64 52 49 52 51 52
64 52 49 52 52 51
64 52 49 52 53 50
64 52 49 52 54 49
64 52 49 53 50 52
64 52 49 53 51 51
64 52 49 53 52 50
64 52 49 53 54 48
64 52 49 54 50 51
64 52 49 54 52 49
64 52 50 48 51 55
64 52 50 49 50 55
64 52 50 49 51 54
64 52 50 49 52 53
64 52 50 49 53 52
64 52 50 50 49 55
64 52 50 50 51 53
64 52 50 51 49 54
64 52 50 51 50 53
64 52 50 51 52 51
64 52 50 51 53 50
64 52 50 51 54 49
64 52 50 52 53 49
64 52 50 53 48 53
64 52 50 53 50 51
64 52 50 53 51 50
64 52 50 53 52 49
64 52 50 54 51 49
64 52 51 47 52 54
64 52 51 48 51 54
64 52 51 48 52 53
64 52 51 48 53 52
64 52 51 49 50 54
64 52 51 49 51 53
64 52 51 49 52 52
64 52 51 50 51 52
64 52 51 50 53 50
64 52 51 51 48 54
64 52 51 51 49 53
64 52 51 51 50 52
64 52 51 51 51 51
64 52 51 51 52 50
64 52 51 52 48 53
64 52 51 52 49 52
64 52 51 52 50 51
64 52 51 52 51 50
64 52 51 52 52 49
64 52 51 52 53 48
64 52 51 53 48 52
64 52 51 53 49 51
64 52 51 53 51 49
64 52 51 53 52 48
64 52 51 54 50 49
64 52 52 48 51 53
64 52 52 48 52 52
64 52 52 49 51 52
64 52 52 49 52 51
64 52 52 49 53 50
64 52 52 50 49 53
64 52 52 50 51 51
64 52 52 50 53 49
64 52 52 51 48 53
64 52 52 51 49 52
64 52 52 51 51 50
64 52 52 51 52 49
64 52 52 52 48 52
64 52 52 52 49 51
64 52 52 52 51 49
64 52 52 52 52 48
64 52 52 53 48 51
64 52 52 53 49 50
64 52 52 53 50 49
64 52 52 53 51 48
64 52 52 54 49 49
64 52 53 48 52 51
64 52 53 49 50 52
64 52 53 49 51 51
64 52 53 50 49 52
64 52 53 50 50 51
64 52 53 51 50 50
64 52 53 51 51 49
64 52 53 51 52 48
64 52 53 52 48 51
64 52 53 52 49 50
64 52 53 52 50 49
64 52 53 52 51 48
64 52 53 53 48 50
64 52 53 53 49 49
64 52 54 48 51 51
64 52 54 49 50 51
64 52 54 49 51 50
64 52 54 49 52 49
64 52 54 51 49 50
64 52 54 51 50 49
64 52 54 51 51 48
64 52 54 52 49 49
64 52 55 50 50 49
64 53 48 49 52 54
64 53 48 49 53 53
64 53 48 50 51 54
64 53 48 50 53 52
64 53 48 51 51 53
64 53 48 51 52 52
64 53 48 51 53 51
64 53 48 51 54 50
64 53 48 52 52 51
64 53 48 52 54 49
64 53 49 48 51 55
64 53 49 48 52 54
64 53 49 49 50 55
64 53 49 49 51 54
64 53 49 49 53 52
64 53 49 50 50 54
64 53 49 50 52 52
64 53 49 50 53 51
64 53 49 51 52 51
64 53 49 51 53 50
64 53 49 52 50 52
64 53 49 52 52 50
64 53 49 53 51 50
64 53 49 53 52 49
64 53 49 53 53 48
64 53 50 48 50 55
64 53 50 48 51 54
64 53 50 49 50 54
64 53 50 49 51 53
64 53 50 49 52 52
64 53 50 49 53 51
64 53 50 50 49 54
64 53 50 50 50 53
64 53 50 50 51 52
64 53 50 50 52 51
64 53 50 50 53 50
64 53 50 51 50 52
64 53 50 51 51 51
64 53 50 51 53 49
64 53 50 52 49 52
64 53 50 52 50 51
64 53 50 52 52 49
64 53 50 52 53 48
64 53 50 53 49 51
64 53 50 53 50 50
64 53 50 53 51 49
64 53 50 53 52 48
64 53 51 48 51 53
64 53 51 48 52 52
64 53 51 49 51 52
64 53 51 49 52 51
64 53 51 50 49 53
64 53 51 50 51 51
64 53 51 50 52 50
64 53 51 50 53 49
64 53 51 51 48 53
64 53 51 51 49 52
64 53 51 51 52 49
64 53 51 52 50 50
64 53 51 52 52 48
64 53 51 53 49 50
64 53 51 53 50 49
64 53 51 53 51 48
64 53 52 48 50 53
64 53 52 48 51 52
64 53 52 48 52 51
64 53 52 49 51 51
64 53 52 49 52 50
64 53 52 50 50 51
64 53 52 51 48 52
64 53 52 51 49 51
64 53 52 51 50 50
64 53 52 51 51 49
64 53 52 51 52 48
64 53 52 52 48 51
64 53 52 52 49 50
64 53 52 52 50 49
64 53 52 52 51 48
64 53 52 53 48 50
64 53 53 48 51 51
64 53 53 49 51 50
64 53 53 50 50 50
64 53 53 50 52 48
64 53 53 51 48 51
64 53 53 51 50 49
64 53 53 51 51 48
64 53 53 53 48 49
64 53 54 49 50 50
64 53 54 50 51 48
64 53 54 51 49 49
64 54 49 48 51 54
64 54 49 49 50 54
64 54 49 49 51 53
64 54 49 49 52 52
64 54 49 50 51 52
64 54 49 50 52 51
64 54 49 51 52 50
64 54 49 52 52 49
64 54 50 49 51 52
64 54 50 50 49 53
64 54 50 50 51 51
64 54 50 51 49 52
64 54 50 51 51 50
64 54 50 52 51 49
64 54 51 48 50 53
64 54 51 48 51 52
64 54 51 49 51 51
64 54 51 49 52 50
64 54 51 50 49 52
64 54 51 50 50 51
64 54 51 51 48 52
64 54 51 51 49 51
64 54 51 51 50 50
64 54 51 51 51 49
64 54 51 52 49 50
64 54 51 52 50 49
64 54 51 53 50 48
64 54 52 48 51 51
64 54 52 49 49 52
64 54 52 49 50 51
64 54 52 50 49 51
64 54 52 50 51 49
64 54 52 51 48 51
64 54 52 51 49 50
64 54 52 51 50 49
64 54 52 51 51 48
64 54 52 52 49 49
64 54 52 52 51 47
64 54 52 53 49 48
64 54 53 49 50 50
64 54 53 50 49 50
64 54 53 50 50 49
64 54 53 51 48 50
64 54 53 51 49 49
64 54 53 51 50 48
64 54 53 52 48 49
64 54 53 52 49 48
64 54 54 50 49 49
64 54 54 51 49 48
64 55 50 49 50 52
64 55 50 49 51 51
64 55 50 50 50 51
64 55 51 49 50 51
64 55 51 50 49 51
64 55 51 50 51 49
64 55 51 51 49 50
64 55 51 51 50 49
64 55 51 51 51 48
64 55 52 49 50 50
64 55 52 50 49 50
64 55 52 50 50 49
64 55 52 51 50 48
64 55 53 50 49 49
64 55 53 50 50 48
64 55 53 51 49 48
66 47 51 53 51 53
66 47 51 53 52 52
66 47 52 51 53 52
66 47 52 51 54 51
66 47 52 52 51 53
66 47 52 52 52 52
66 47 52 52 53 51
66 47 52 52 54 50
66 47 52 53 50 53
66 47 52 53 52 51
66 47 52 54 49 53
66 47 52 54 50 52
66 47 53 49 54 52
66 47 53 50 52 53
66 47 53 50 53 52
66 47 53 50 54 51
66 47 53 50 55 50
66 47 53 51 52 52
66 47 53 51 53 51
66 47 53 51 54 50
66 47 53 52 52 51
66 47 53 52 53 50
66 47 53 53 50 52
66 47 53 53 51 51
66 47 53 54 49 52
66 47 54 49 53 52
66 47 54 49 54 51
66 47 54 50 51 53
66 47 54 50 53 51
66 47 54 50 54 50
66 47 54 51 50 53
66 47 54 51 51 52
66 47 54 51 52 51
66 47 54 51 53 50
66 47 54 52 50 52
66 47 54 52 51 51
66 47 55 48 53 52
66 47 55 49 52 52
66 47 55 49 54 50
66 47 55 50 51 52
66 47 55 50 52 51
66 48 49 54 52 52
66 48 49 54 53 51
66 48 49 55 51 52
66 48 49 55 52 51
66 48 50 52 53 52
66 48 50 52 55 50
66 48 50 53 50 54
66 48 50 53 51 53
66 48 50 53 52 52
66 48 50 53 54 50
66 48 50 54 50 53
66 48 50 54 51 52
66 48 50 54 52 51
66 48 50 54 53 50
66 48 50 55 48 54
66 48 50 55 51 51
66 48 51 50 53 53
66 48 51 50 54 52
66 48 51 50 55 51
66 48 51 51 51 54
66 48 51 51 52 53
66 48 51 51 53 52
66 48 51 52 50 54
66 48 51 52 51 53
66 48 51 52 52 52
66 48 51 52 54 50
66 48 51 52 55 49
66 48 51 53 49 54
66 48 51 53 50 53
66 48 51 53 51 52
66 48 51 53 53 50
66 48 51 54 48 54
66 48 51 54 49 53
66 48 51 54 50 52
66 48 51 54 51 51
66 48 51 55 48 53
66 48 51 55 49 52
66 48 52 49 53 53
66 48 52 49 55 51
66 48 52 50 51 54
66 48 52 50 52 53
66 48 52 50 54 51
66 48 52 50 55 50
66 48 52 51 53 51
66 48 52 51 54 50
66 48 52 51 55 49
66 48 52 52 49 54
66 48 52 52 50 53
66 48 52 52 51 52
66 48 52 52 52 51
66 48 52 52 53 50
66 48 52 53 48 54
66 48 52 53 50 52
66 48 52 53 51 51
66 48 52 53 52 50
66 48 52 54 49 52
66 48 52 54 50 51
66 48 52 54 51 50
66 48 52 55 47 53
66 48 52 55 48 52
66 48 53 48 53 53
66 48 53 48 54 52
66 48 53 49 52 53
66 48 53 49 53 52
66 48 53 49 54 51
66 48 53 49 55 50
66 48 53 50 50 54
66 48 53 50 51 53
66 48 53 50 52 52
66 48 53 50 53 51
66 48 53 50 54 50
66 48 53 50 55 49
66 48 53 51 50 53
66 48 53 51 52 51
66 48 53 51 53 50
66 48 53 51 54 49
66 48 53 52 50 52
66 48 53 52 51 51
66 48 53 52 52 50
66 48 53 52 53 49
66 48 53 53 48 53
66 48 53 53 50 51
66 48 53 53 51 50
66 48 53 54 48 52
66 48 53 54 49 51
66 48 54 48 52 53
66 48 54 48 54 51
66 48 54 49 51 53
66 48 54 49 52 52
66 48 54 49 53 51
66 48 54 49 54 50
66 48 54 50 50 53
66 48 54 50 51 52
66 48 54 50 53 50
66 48 54 51 49 53
66 48 54 51 51 51
66 48 54 51 52 50
66 48 54 51 53 49
66 48 54 52 49 52
66 48 54 52 50 51
66 48 54 52 51 50
66 48 55 48 52 52
66 48 55 48 53 51
66 48 55 48 54 50
66 48 55 49 51 52
66 48 55 49 52 51
66 48 55 49 53 50
66 48 55 50 52 50
66 48 55 50 53 49
66 48 55 51 50 51
66 48 56 49 52 50
66 49 48 53 53 52
66 49 48 53 54 51
66 49 48 53 55 50
66 49 48 54 53 51
66 49 48 55 51 52
66 49 48 55 52 51
66 49 48 55 53 50
66 49 49 51 53 53
66 49 49 51 55 51
66 49 49 52 51 54
66 49 49 52 54 51
66 49 49 53 50 54
66 49 49 53 52 52
66 49 49 53 53 51
66 49 49 53 54 50
66 49 49 54 51 52
66 49 49 54 52 51
66 49 49 55 50 52
66 49 49 55 51 51
66 49 49 56 50 51
66 49 50 50 52 54
66 49 50 50 53 53
66 49 50 50 55 51
66 49 50 51 50 55
66 49 50 51 51 54
66 49 50 51 52 53
66 49 50 51 53 52
66 49 50 51 54 51
66 49 50 51 55 50
66 49 50 51 56 49
66 49 50 52 49 55
66 49 50 52 50 54
66 49 50 52 51 53
66 49 50 52 52 52
66 49 50 52 53 51
66 49 50 52 54 50
66 49 50 52 55 49
66 49 50 53 48 55
66 49 50 53 49 54
66 49 50 53 50 53
66 49 50 53 51 52
66 49 50 53 52 51
66 49 50 53 53 50
66 49 50 54 48 54
66 49 50 54 49 53
66 49 50 54 51 51
66 49 50 54 52 50
66 49 50 54 53 49
66 49 50 55 47 54
66 49 50 55 48 53
66 49 50 55 49 52
66 49 50 55 50 51
66 49 50 55 51 50
66 49 50 56 48 52
66 49 50 56 49 51
66 49 51 48 53 54
66 49 51 49 51 55
66 49 51 49 52 54
66 49 51 49 53 53
66 49 51 50 50 55
66 49 51 50 51 54
66 49 51 50 52 53
66 49 51 50 54 51
66 49 51 50 55 50
66 49 51 51 50 54
66 49 51 51 51 53
66 49 51 51 54 50
66 49 51 51 55 49
66 49 51 52 48 55
66 49 51 52 49 54
66 49 51 52 52 51
66 49 51 52 53 50
66 49 51 52 54 49
66 49 51 52 55 48
66 49 51 53 48 54
66 49 51 53 51 51
66 49 51 53 52 50
66 49 51 54 47 54
66 49 51 54 48 53
66 49 51 54 49 52
66 49 51 54 52 49
66 49 51 55 48 52
66 49 51 55 49 51
66 49 51 55 50 50
66 49 52 48 52 54
66 49 52 48 54 52
66 49 52 49 51 54
66 49 52 49 52 53
66 49 52 49 54 51
66 49 52 49 55 50
66 49 52 50 50 54
66 49 52 50 51 53
66 49 52 50 52 52
66 49 52 50 53 51
66 49 52 50 54 50
66 49 52 51 50 53
66 49 52 51 51 52
66 49 52 51 53 50
66 49 52 51 54 49
66 49 52 51 55 48
66 49 52 52 50 52
66 49 52 52 51 51
66 49 52 52 52 50
66 49 52 52 53 49
66 49 52 52 54 48
66 49 52 53 47 54
66 49 52 53 48 53
66 49 52 53 49 52
66 49 52 53 50 51
66 49 52 54 47 53
66 49 52 54 48 52
66 49 52 54 49 51
66 49 52 54 50 50
66 49 52 55 47 52
66 49 52 55 48 51
66 49 53 48 54 51
66 49 53 49 50 54
66 49 53 49 51 53
66 49 53 49 52 52
66 49 53 49 54 50
66 49 53 50 50 53
66 49 53 50 51 52
66 49 53 50 52 51
66 49 53 51 49 53
66 49 53 51 52 50
66 49 53 51 53 49
66 49 53 51 54 48
66 49 53 52 48 53
66 49 53 52 49 52
66 49 53 53 48 52
66 49 53 53 49 51
66 49 53 53 50 50
66 49 53 53 51 49
66 49 53 54 48 51
66 49 53 54 49 50
66 49 54 47 52 53
66 49 54 47 53 52
66 49 54 48 51 53
66 49 54 48 52 52
66 49 54 48 53 51
66 49 54 49 50 53
66 49 54 49 51 52
66 49 54 49 52 51
66 49 54 49 53 50
66 49 54 50 50 52
66 49 54 50 51 51
66 49 54 50 52 50
66 49 54 50 53 49
66 49 54 51 49 52
66 49 54 51 50 51
66 49 54 51 51 50
66 49 54 51 52 49
66 49 54 52 49 51
66 49 54 53 49 50
66 49 55 48 52 51
66 49 55 49 51 51
66 49 55 49 52 50
66 49 55 50 50 51
66 49 55 50 51 50
66 49 55 51 49 51
66 49 55 51 51 49
66 49 56 49 51 50
66 50 47 53 53 52
66 50 47 53 54 51
66 50 47 54 52 52
66 50 47 54 53 51
66 50 47 54 54 50
66 50 47 54 55 49
66 50 47 55 53 50
66 50 48 51 52 54
66 50 48 51 53 53
66 50 48 51 54 52
66 50 48 52 52 53
66 50 48 52 53 52
66 50 48 52 54 51
66 50 48 52 55 50
66 50 48 52 56 49
66 50 48 53 50 54
66 50 48 53 51 53
66 50 48 53 52 52
66 50 48 53 53 51
66 50 48 53 54 50
66 50 48 53 55 49
66 50 48 54 50 53
66 50 48 54 51 52
66 50 48 54 52 51
66 50 48 54 53 50
66 50 48 54 54 49
66 50 48 54 55 48
66 50 48 55 50 52
66 50 48 55 52 50
66 50 48 55 53 49
66 50 49 49 53 54
66 50 49 49 54 53
66 50 49 50 51 55
66 50 49 50 52 54
66 50 49 50 53 53
66 50 49 51 50 55
66 50 49 51 54 51
66 50 49 51 55 50
66 50 49 51 56 49
66 50 49 52 50 54
66 50 49 52 51 53
66 50 49 52 52 52
66 50 49 52 53 51
66 50 49 52 54 50
66 50 49 52 55 49
66 50 49 53 48 55
66 50 49 53 50 53
66 50 49 53 51 52
66 50 49 53 52 51
66 50 49 53 54 49
66 50 49 54 49 53
66 50 49 54 50 52
66 50 49 54 51 51
66 50 49 54 52 50
66 50 49 54 53 49
66 50 49 55 48 53
66 50 49 55 50 51
66 50 49 55 51 50
66 50 49 55 52 49
66 50 50 48 53 54
66 50 50 48 54 53
66 50 50 49 51 55
66 50 50 49 52 54
66 50 50 49 53 53
66 50 50 49 54 52
66 50 50 49 55 51
66 50 50 50 51 54
66 50 50 50 53 52
66 50 50 50 54 51
66 50 50 51 49 55
66 50 50 51 50 54
66 50 50 51 51 53
66 50 50 51 52 52
66 50 50 51 53 51
66 50 50 51 54 50
66 50 50 51 55 49
66 50 50 52 48 55
66 50 50 52 49 54
66 50 50 52 50 53
66 50 50 52 52 51
66 50 50 52 53 50
66 50 50 53 47 55
66 50 50 53 48 54
66 50 50 53 50 52
66 50 50 53 51 51
66 50 50 53 52 50
66 50 50 53 53 49
66 50 50 53 54 48
66 50 50 54 47 54
66 50 50 54 48 53
66 50 50 54 49 52
66 50 50 54 50 51
66 50 50 54 51 50
66 50 50 54 52 49
66 50 50 54 53 48
66 50 50 55 48 52
66 50 50 55 49 51
66 50 50 55 51 49
66 50 51 47 53 54
66 50 51 48 51 55
66 50 51 48 53 53
66 50 51 49 51 54
66 50 51 49 53 52
66 50 51 49 54 51
66 50 51 49 55 50
66 50 51 50 49 55
66 50 51 50 50 54
66 50 51 50 52 52
66 50 51 50 54 50
66 50 51 50 55 49
66 50 51 51 48 55
66 50 51 51 49 54
66 50 51 51 51 52
66 50 51 51 52 51
66 50 51 51 53 50
66 50 51 51 54 49
66 50 51 51 55 48
66 50 51 52 48 54
66 50 51 52 49 53
66 50 51 52 51 51
66 50 51 52 53 49
66 50 51 52 54 48
66 50 51 53 47 54
66 50 51 53 48 53
66 50 51 53 49 52
66 50 51 53 51 50
66 50 51 53 52 49
66 50 51 53 53 48
66 50 51 54 47 53
66 50 51 54 49 51
66 50 51 54 50 50
66 50 51 54 51 49
66 50 51 55 47 52
66 50 51 55 49 50
66 50 52 47 52 54
66 50 52 48 51 54
66 50 52 48 52 53
66 50 52 48 53 52
66 50 52 48 54 51
66 50 52 49 52 52
66 50 52 49 54 50
66 50 52 50 50 53
66 50 52 50 53 50
66 50 52 50 54 49
66 50 52 51 48 54
66 50 52 51 50 52
66 50 52 51 51 51
66 50 52 51 52 50
66 50 52 51 53 49
66 50 52 51 54 48
66 50 52 52 49 52
66 50 52 52 51 50
66 50 52 52 52 49
66 50 52 52 53 48
66 50 52 53 47 53
66 50 52 53 48 52
66 50 52 53 49 51
66 50 52 53 51 49
66 50 52 54 48 51
66 50 52 54 49 50
66 50 52 54 50 49
66 50 52 55 47 51
66 50 53 47 52 53
66 50 53 47 53 52
66 50 53 48 51 53
66 50 53 48 52 52
66 50 53 48 53 51
66 50 53 48 54 50
66 50 53 49 50 53
66 50 53 49 51 52
66 50 53 49 53 50
66 50 53 49 54 49
66 50 53 50 49 53
66 50 53 50 52 50
66 50 53 50 53 49
66 50 53 50 54 48
66 50 53 51 48 53
66 50 53 51 49 52
66 50 53 51 51 50
66 50 53 51 52 49
66 50 53 52 48 52
66 50 53 52 49 51
66 50 53 52 50 50
66 50 53 52 51 49
66 50 53 52 52 48
66 50 53 53 47 52
66 50 53 53 48 51
66 50 53 53 49 50
66 50 53 53 50 49
66 50 53 54 47 51
66 50 53 54 48 50
66 50 54 47 52 52
66 50 54 48 51 52
66 50 54 48 52 51
66 50 54 48 53 50
66 50 54 49 50 52
66 50 54 50 49 52
66 50 54 50 50 51
66 50 54 50 51 50
66 50 54 50 52 49
66 50 54 50 53 48
66 50 54 51 49 51
66 50 54 51 50 50
66 50 54 51 51 49
66 50 54 52 48 51
66 50 54 52 49 50
66 50 54 53 48 50
66 50 55 49 50 51
66 50 55 49 51 50
66 50 55 49 52 49
66 50 55 50 51 49
66 50 55 50 52 48
66 50 55 51 49 50
66 50 55 51 50 49
66 50 56 49 51 49
66 51 47 51 53 53
66 51 47 51 54 52
66 51 47 52 52 53
66 51 47 52 53 52
66 51 47 52 54 51
66 51 47 52 55 50
66 51 47 53 52 52
66 51 47 53 53 51
66 51 47 53 54 50
66 51 47 54 52 51
66 51 47 54 53 50
66 51 47 54 54 49
66 51 48 49 53 54
66 51 48 50 52 54
66 51 48 50 53 53
66 51 48 50 54 52
66 51 48 50 55 51
66 51 48 51 50 55
66 51 48 51 51 54
66 51 48 51 52 53
66 51 48 51 53 52
66 51 48 51 54 51
66 51 48 52 49 55
66 51 48 52 50 54
66 51 48 52 52 52
66 51 48 52 53 51
66 51 48 52 55 49
66 51 48 53 49 54
66 51 48 53 52 51
66 51 48 53 53 50
66 51 48 53 54 49
66 51 48 53 55 48
66 51 48 54 52 50
66 51 48 54 53 49
66 51 48 54 54 48
66 51 48 55 51 50
66 51 48 55 52 49
66 51 49 48 52 55
66 51 49 48 53 54
66 51 49 49 50 56
66 51 49 49 51 55
66 51 49 49 52 54
66 51 49 49 53 53
66 51 49 49 54 52
66 51 49 49 55 51
66 51 49 50 49 56
66 51 49 50 50 55
66 51 49 50 52 53
66 51 49 50 54 51
66 51 49 50 55 50
66 51 49 51 49 55
66 51 49 51 50 54
66 51 49 51 51 53
66 51 49 51 52 52
66 51 49 51 54 50
66 51 49 51 55 49
66 51 49 52 48 55
66 51 49 52 49 54
66 51 49 52 50 53
66 51 49 52 51 52
66 51 49 52 53 50
66 51 49 52 54 49
66 51 49 52 55 48
66 51 49 53 48 54
66 51 49 53 49 53
66 51 49 53 50 52
66 51 49 53 52 50
66 51 49 53 54 48
66 51 49 54 48 53
66 51 49 54 49 52
66 51 49 54 50 51
66 51 49 54 51 50
66 51 49 54 52 49
66 51 49 54 53 48
66 51 49 55 49 51
66 51 49 55 50 50
66 51 50 47 52 55
66 51 50 47 53 54
66 51 50 48 52 54
66 51 50 48 53 53
66 51 50 48 54 52
66 51 50 49 50 55
66 51 50 49 51 54
66 51 50 49 52 53
66 51 50 49 53 52
66 51 50 49 54 51
66 51 50 50 49 55
66 51 50 50 50 54
66 51 50 50 54 50
66 51 50 50 55 49
66 51 50 51 49 54
66 51 50 51 50 53
66 51 50 51 51 52
66 51 50 51 52 51
66 51 50 52 48 54
66 51 50 52 49 53
66 51 50 52 50 52
66 51 50 52 51 51
66 51 50 52 54 48
66 51 50 53 47 54
66 51 50 53 48 53
66 51 50 53 49 52
66 51 50 53 50 51
66 51 50 53 53 48
66 51 50 54 47 53
66 51 50 54 48 52
66 51 50 54 49 51
66 51 50 54 50 50
66 51 50 54 51 49
66 51 50 54 52 48
66 51 50 55 50 49
66 51 51 47 52 54
66 51 51 48 51 54
66 51 51 48 54 51
66 51 51 49 49 55
66 51 51 49 50 54
66 51 51 49 52 52
66 51 51 49 53 51
66 51 51 49 54 50
66 51 51 50 49 54
66 51 51 50 50 53
66 51 51 50 51 52
66 51 51 50 52 51
66 51 51 50 53 50
66 51 51 51 50 52
66 51 51 51 51 51
66 51 51 51 52 50
66 51 51 51 53 49
66 51 51 51 54 48
66 51 51 52 47 54
66 51 51 52 48 53
66 51 51 52 50 51
66 51 51 52 51 50
66 51 51 52 53 48
66 51 51 53 47 53
66 51 51 53 48 52
66 51 51 53 51 49
66 51 51 53 52 48
66 51 51 53 53 47
66 51 51 54 47 52
66 51 51 54 48 51
66 51 51 54 49 50
66 51 51 54 50 49
66 51 51 54 51 48
66 51 51 55 48 50
66 51 51 55 49 49
66 51 52 47 51 54
66 51 52 47 53 52
66 51 52 48 50 54
66 51 52 48 51 53
66 51 52 48 52 52
66 51 52 48 53 51
66 51 52 49 51 52
66 51 52 49 53 50
66 51 52 49 54 49
66 51 52 50 49 53
66 51 52 50 50 52
66 51 52 50 51 51
66 51 52 50 53 49
66 51 52 51 48 53
66 51 52 51 50 51
66 51 52 51 51 50
66 51 52 51 52 49
66 51 52 52 47 53
66 51 52 52 49 51
66 51 52 52 50 50
66 51 52 52 52 48
66 51 52 52 53 47
66 51 52 53 47 52
66 51 52 53 50 49
66 51 52 53 51 48
66 51 52 54 47 51
66 51 52 54 49 49
66 51 53 47 51 53
66 51 53 47 53 51
66 51 53 48 50 53
66 51 53 48 51 52
66 51 53 48 52 51
66 51 53 48 53 50
66 51 53 49 49 53
66 51 53 49 51 51
66 51 53 49 52 50
66 51 53 50 49 52
66 51 53 50 50 51
66 51 53 50 51 50
66 51 53 50 52 49
66 51 53 50 53 48
66 51 53 51 48 52
66 51 53 51 49 51
66 51 53 52 49 50
66 51 53 52 51 48
66 51 53 53 48 50
66 51 53 53 49 49
66 51 53 53 50 48
66 51 53 54 47 50
66 51 53 54 48 49
66 51 54 48 50 52
66 51 54 48 51 51
66 51 54 48 52 50
66 51 54 49 51 50
66 51 54 49 52 49
66 51 54 50 49 51
66 51 54 50 50 50
66 51 54 50 51 49
66 51 54 50 52 48
66 51 54 51 48 51
66 51 54 51 49 50
66 51 54 51 50 49
66 51 54 52 50 48
66 51 55 48 51 50
66 51 55 48 52 49
66 51 55 49 50 50
66 51 55 49 51 49
66 51 55 49 52 48
66 51 55 50 49 50
66 51 55 50 50 49
66 51 55 51 50 48
66 52 47 49 53 54
66 52 47 50 52 54
66 52 47 50 53 53
66 52 47 50 54 52
66 52 47 51 54 51
66 52 47 51 55 50
66 52 47 52 51 53
66 52 47 52 52 52
66 52 47 52 53 51
66 52 47 52 55 49
66 52 47 53 52 51
66 52 47 53 53 50
66 52 47 53 54 49
66 52 47 53 55 48
66 52 47 54 53 49
66 52 48 48 52 55
66 52 48 48 53 54
66 52 48 49 51 55
66 52 48 49 52 54
66 52 48 49 54 52
66 52 48 50 51 54
66 52 48 50 52 53
66 52 48 50 53 52
66 52 48 51 49 55
66 52 48 51 50 54
66 52 48 51 51 53
66 52 48 51 52 52
66 52 48 51 54 50
66 52 48 51 55 49
66 52 48 52 49 54
66 52 48 52 50 53
66 52 48 52 51 52
66 52 48 52 53 50
66 52 48 52 54 49
66 52 48 52 55 48
66 52 48 53 50 52
66 52 48 53 51 51
66 52 48 53 53 49
66 52 48 54 51 50
66 52 48 54 53 48
66 52 49 47 52 55
66 52 49 48 50 56
66 52 49 48 51 55
66 52 49 48 52 54
66 52 49 48 53 53
66 52 49 49 50 55
66 52 49 49 51 54
66 52 49 49 52 53
66 52 49 49 53 52
66 52 49 49 54 51
66 52 49 50 49 55
66 52 49 50 52 52
66 52 49 50 54 50
66 52 49 51 48 55
66 52 49 51 49 54
66 52 49 51 50 53
66 52 49 51 52 51
66 52 49 51 53 50
66 52 49 51 54 49
66 52 49 52 49 53
66 52 49 52 50 52
66 52 49 52 52 50
66 52 49 52 53 49
66 52 49 52 54 48
66 52 49 53 48 53
66 52 49 53 50 51
66 52 49 53 54 47
66 52 49 54 52 48
66 52 50 47 51 55
66 52 50 47 53 53
66 52 50 48 50 55
66 52 50 48 52 53
66 52 50 48 53 52
66 52 50 49 50 54
66 52 50 49 51 53
66 52 50 49 52 52
66 52 50 49 53 51
66 52 50 49 54 50
66 52 50 50 48 55
66 52 50 50 49 54
66 52 50 50 50 53
66 52 50 50 52 51
66 52 50 50 54 49
66 52 50 51 48 54
66 52 50 51 49 53
66 52 50 51 51 51
66 52 50 51 53 49
66 52 50 51 54 48
66 52 50 52 47 54
66 52 50 52 48 53
66 52 50 52 49 52
66 52 50 52 50 51
66 52 50 52 51 50
66 52 50 52 52 49
66 52 50 52 53 48
66 52 50 52 54 47
66 52 50 53 47 53
66 52 50 53 48 52
66 52 50 53 50 50
66 52 50 53 51 49
66 52 50 53 52 48
66 52 50 53 53 47
66 52 50 54 48 51
66 52 50 54 50 49
66 52 51 47 51 54
66 52 51 47 52 53
66 52 51 48 50 54
66 52 51 48 51 53
66 52 51 48 53 51
66 52 51 49 49 54
66 52 51 49 50 53
66 52 51 49 53 50
66 52 51 50 49 53
66 52 51 50 50 52
66 52 51 50 51 51
66 52 51 50 52 50
66 52 51 50 54 48
66 52 51 51 49 52
66 52 51 51 50 51
66 52 51 51 51 50
66 52 51 51 52 49
66 52 51 51 53 48
66 52 51 52 47 53
66 52 51 52 48 52
66 52 51 52 49 51
66 52 51 52 51 49
66 52 51 52 52 48
66 52 51 53 47 52
66 52 51 53 48 51
66 52 51 53 50 49
66 52 51 53 52 47
66 52 51 54 47 51
66 52 51 54 48 50
66 52 51 54 49 49
66 52 51 54 50 48
66 52 52 47 51 53
66 52 52 47 52 52
66 52 52 48 50 53
66 52 52 48 51 52
66 52 52 48 52 51
66 52 52 49 50 52
66 52 52 49 51 51
66 52 52 49 52 50
66 52 52 50 48 53
66 52 52 50 49 52
66 52 52 50 51 50
66 52 52 50 52 49
66 52 52 50 53 48
66 52 52 51 48 52
66 52 52 51 52 48
66 52 52 51 53 47
66 52 52 52 47 52
66 52 52 52 48 51
66 52 52 52 49 50
66 52 52 52 50 49
66 52 52 52 52 47
66 52 52 53 48 50
66 52 52 53 49 49
66 52 52 53 50 48
66 52 52 54 47 50
66 52 52 54 48 49
66 52 53 47 51 52
66 52 53 47 52 51
66 52 53 48 50 52
66 52 53 48 52 50
66 52 53 49 50 51
66 52 53 49 51 50
66 52 53 49 52 49
66 52 53 50 49 51
66 52 53 50 50 50
66 52 53 50 51 49
66 52 53 50 52 48
66 52 53 51 48 51
66 52 53 51 50 49
66 52 53 51 51 48
66 52 53 51 52 47
66 52 53 52 47 51
66 52 53 52 48 50
66 52 53 52 51 47
66 52 53 53 49 48
66 52 54 48 51 50
66 52 54 48 52 49
66 52 54 49 49 51
66 52 54 49 50 50
66 52 54 49 51 49
66 52 54 50 49 50
66 52 54 50 50 49
66 52 54 50 51 48
66 52 54 50 52 47
66 52 54 51 48 50
66 52 54 51 49 49
66 52 54 51 50 48
66 52 54 51 51 47
66 52 54 52 48 49
66 52 55 48 51 49
66 52 55 49 51 48
66 52 55 50 49 49
66 52 55 50 50 48
66 52 55 51 49 48
66 53 47 49 52 54
66 53 47 50 52 53
66 53 47 50 54 51
66 53 47 51 51 53
66 53 47 51 52 52
66 53 47 51 54 50
66 53 47 52 53 50
66 53 48 47 52 55
66 53 48 48 51 55
66 53 48 48 53 53
66 53 48 49 51 54
66 53 48 49 54 51
66 53 48 50 50 54
66 53 48 50 51 53
66 53 48 50 52 52
66 53 48 50 53 51
66 53 48 50 54 50
66 53 48 51 50 53
66 53 48 51 51 52
66 53 48 51 53 50
66 53 48 51 54 49
66 53 48 52 51 51
66 53 48 52 52 50
66 53 48 52 53 49
66 53 48 52 54 48
66 53 48 53 51 50
66 53 48 53 52 49
66 53 48 53 53 48
66 53 49 47 52 54
66 53 49 48 50 55
66 53 49 48 51 54
66 53 49 48 52 53
66 53 49 48 53 52
66 53 49 49 50 54
66 53 49 49 53 51
66 53 49 50 50 53
66 53 49 50 52 51
66 53 49 50 53 50
66 53 49 50 54 49
66 53 49 51 50 52
66 53 49 51 51 51
66 53 49 51 52 50
66 53 49 51 53 49
66 53 49 51 54 48
66 53 49 52 50 51
66 53 49 52 51 50
66 53 49 52 52 49
66 53 49 52 54 47
66 53 49 53 49 51
66 53 49 53 50 50
66 53 49 53 51 49
66 53 50 47 51 54
66 53 50 47 52 53
66 53 50 48 49 55
66 53 50 48 50 54
66 53 50 48 51 53
66 53 50 48 53 51
66 53 50 49 49 54
66 53 50 49 51 52
66 53 50 49 53 50
66 53 50 50 48 54
66 53 50 50 49 53
66 53 50 50 50 52
66 53 50 50 52 50
66 53 50 50 53 49
66 53 50 51 48 53
66 53 50 51 49 52
66 53 50 51 50 51
66 53 50 51 53 48
66 53 50 52 48 52
66 53 50 52 52 48
66 53 50 52 53 47
66 53 50 53 48 51
66 53 50 53 49 50
66 53 50 53 50 49
66 53 50 53 51 48
66 53 50 54 49 49
66 53 50 54 50 48
66 53 51 47 50 54
66 53 51 47 51 53
66 53 51 47 52 52
66 53 51 48 49 54
66 53 51 48 50 53
66 53 51 48 51 52
66 53 51 48 52 51
66 53 51 49 49 53
66 53 51 49 50 52
66 53 51 49 52 50
66 53 51 49 53 49
66 53 51 50 49 52
66 53 51 50 50 51
66 53 51 50 51 50
66 53 51 50 53 48
66 53 51 51 49 51
66 53 51 51 52 48
66 53 51 51 53 47
66 53 51 52 47 52
66 53 51 52 48 51
66 53 51 52 49 50
66 53 51 52 50 49
66 53 51 53 47 51
66 53 51 53 48 50
66 53 51 53 49 49
66 53 51 53 50 48
66 53 52 47 50 53
66 53 52 47 51 52
66 53 52 48 49 53
66 53 52 48 50 52
66 53 52 48 52 50
66 53 52 49 49 52
66 53 52 49 50 51
66 53 52 49 51 50
66 53 52 50 48 52
66 53 52 50 49 51
66 53 52 50 50 50
66 53 52 50 51 49
66 53 52 50 52 48
66 53 52 51 47 52
66 53 52 51 48 51
66 53 52 51 50 49
66 53 52 51 51 48
66 53 52 51 52 47
66 53 52 52 48 50
66 53 52 52 49 49
66 53 52 52 50 48
66 53 52 52 51 47
66 53 52 53 47 50
66 53 52 53 49 48
66 53 52 53 50 47
66 53 53 48 50 51
66 53 53 49 50 50
66 53 53 49 51 49
66 53 53 49 52 48
66 53 53 50 48 51
66 53 53 50 49 50
66 53 53 50 51 48
66 53 53 50 52 47
66 53 53 51 47 51
66 53 53 51 48 50
66 53 53 51 50 48
66 53 53 51 51 47
66 53 53 52 47 50
66 53 53 52 49 48
66 53 53 52 50 47
66 53 53 53 48 48
66 53 54 48 50 50
66 53 54 48 51 49
66 53 54 49 49 50
66 53 54 49 51 48
66 53 54 50 48 50
66 53 54 50 49 49
66 53 54 50 50 48
66 53 54 50 51 47
66 53 54 51 48 49
66 53 54 51 49 48
66 53 54 51 50 47
66 53 54 52 48 48
66 53 54 52 49 47
66 53 55 49 50 48
66 53 55 50 49 48
66 53 55 50 50 47
66 54 48 48 50 55
66 54 48 48 51 54
66 54 48 48 52 53
66 54 48 49 51 53
66 54 48 49 52 52
66 54 48 50 50 53
66 54 48 50 51 52
66 54 48 50 53 50
66 54 48 51 51 51
66 54 48 51 52 50
66 54 49 47 50 55
66 54 49 47 51 54
66 54 49 47 52 53
66 54 49 48 50 54
66 54 49 48 51 53
66 54 49 49 50 53
66 54 49 49 51 52
66 54 49 50 49 53
66 54 49 50 50 52
66 54 49 50 51 51
66 54 49 50 52 50
66 54 49 50 53 49
66 54 49 51 49 52
66 54 49 51 50 51
66 54 49 51 51 50
66 54 49 51 52 49
66 54 49 52 50 50
66 54 49 52 51 49
66 54 49 52 52 48
66 54 49 53 51 48
66 54 50 47 50 54
66 54 50 47 51 53
66 54 50 48 50 53
66 54 50 48 51 52
66 54 50 48 52 51
66 54 50 49 50 52
66 54 50 49 51 51
66 54 50 50 48 53
66 54 50 50 49 52
66 54 50 50 50 51
66 54 50 50 51 50
66 54 50 51 50 50
66 54 50 51 51 49
66 54 50 51 52 48
66 54 50 52 48 51
66 54 50 52 49 50
66 54 50 52 50 49
66 54 50 52 52 47
66 54 50 53 49 49
66 54 50 53 50 48
66 54 50 53 51 47
66 54 51 47 50 53
66 54 51 47 51 52
66 54 51 48 49 53
66 54 51 48 50 52
66 54 51 49 48 53
66 54 51 49 49 52
66 54 51 49 50 51
66 54 51 49 51 50
66 54 51 50 48 52
66 54 51 50 49 51
66 54 51 50 50 50
66 54 51 50 51 49
66 54 51 50 52 48
66 54 51 51 48 51
66 54 51 51 50 49
66 54 51 51 51 48
66 54 51 51 52 47
66 54 51 52 48 50
66 54 51 52 49 49
66 54 51 52 50 48
66 54 51 52 51 47
66 54 51 53 48 49
66 54 51 53 49 48
66 54 51 53 50 47
66 54 52 47 50 52
66 54 52 48 50 51
66 54 52 49 48 52
66 54 52 49 49 51
66 54 52 49 50 50
66 54 52 49 51 49
66 54 52 50 48 51
66 54 52 50 50 49
66 54 52 50 51 48
66 54 52 51 48 50
66 54 52 51 49 49
66 54 52 51 51 47
66 54 52 52 47 50
66 54 52 52 48 49
66 54 52 52 49 48
66 54 52 53 47 49
66 54 52 53 48 48
66 54 53 48 50 50
66 54 53 49 50 49
66 54 53 49 51 48
66 54 53 50 48 50
66 54 53 50 49 49
66 54 53 50 50 48
66 54 53 50 51 47
66 54 53 51 48 49
66 54 53 51 49 48
66 54 53 51 50 47
66 54 53 52 47 49
66 54 53 52 49 47
66 54 54 50 49 48
66 54 54 50 50 47
66 54 54 51 48 48
66 54 54 51 49 47
66 55 49 48 50 53
66 55 49 48 51 52
66 55 49 49 50 52
66 55 49 50 50 51
66 55 49 50 51 50
66 55 49 51 51 49
66 55 50 47 50 53
66 55 50 48 49 53
66 55 50 48 50 52
66 55 50 48 51 51
66 55 50 49 50 51
66 55 50 49 51 50
66 55 50 50 49 51
66 55 50 51 49 50
66 55 50 51 50 49
66 55 50 51 51 48
66 55 51 48 49 52
66 55 51 49 48 52
66 55 51 49 49 51
66 55 51 49 50 50
66 55 51 49 51 49
66 55 51 50 48 51
66 55 51 50 49 50
66 55 51 50 50 49
66 55 51 51 49 49
66 55 51 52 49 48
66 55 51 52 50 47
66 55 52 48 49 51
66 55 52 48 50 50
66 55 52 49 48 51
66 55 52 49 49 50
66 55 52 50 49 49
66 55 52 50 50 48
66 55 52 51 48 49
66 55 52 51 49 48
66 55 52 51 50 47
66 55 52 52 48 48
66 55 52 52 49 47
66 55 53 49 50 48
66 55 53 50 49 48
66 55 53 51 48 48
66 55 53 52 48 47
66 55 54 50 48 48
66 55 54 50 49 47
66 56 51 49 49 50
66 56 51 50 49 49
66 56 52 50 49 48
68 46 52 52 53 51
68 46 53 50 53 52
68 46 53 50 54 51
68 46 53 51 51 53
68 46 53 51 52 52
68 46 53 51 53 51
68 46 53 52 51 52
68 46 53 52 52 51
68 46 54 49 53 52
68 46 54 49 54 51
68 46 54 50 53 51
68 46 54 51 51 52
68 46 54 51 52 51
68 46 55 49 52 52
68 46 55 49 53 51
68 46 55 50 52 51
68 47 50 52 54 51
68 47 50 53 51 53
68 47 50 53 54 50
68 47 50 54 50 53
68 47 50 54 51 52
68 47 50 54 52 51
68 47 50 55 50 52
68 47 51 51 52 53
68 47 51 51 53 52
68 47 51 51 54 51
68 47 51 51 55 50
68 47 51 52 51 53
68 47 51 52 53 51
68 47 51 52 54 50
68 47 51 53 51 52
68 47 51 53 52 51
68 47 51 54 48 54
68 47 51 54 49 53
68 47 51 54 52 50
68 47 51 55 49 52
68 47 51 55 50 51
68 47 52 49 54 52
68 47 52 50 51 54
68 47 52 50 52 53
68 47 52 50 54 51
68 47 52 50 55 50
68 47 52 51 50 54
68 47 52 51 53 51
68 47 52 51 54 50
68 47 52 51 55 49
68 47 52 52 49 54
68 47 52 52 50 53
68 47 52 52 51 52
68 47 52 53 48 54
68 47 52 53 49 53
68 47 52 53 51 51
68 47 52 54 48 53
68 47 52 54 49 52
68 47 53 48 53 53
68 47 53 48 54 52
68 47 53 49 53 52
68 47 53 49 54 51
68 47 53 50 50 54
68 47 53 50 51 53
68 47 53 50 52 52
68 47 53 50 53 51
68 47 53 50 54 50
68 47 53 50 55 49
68 47 53 51 50 53
68 47 53 51 51 52
68 47 53 51 52 51
68 47 53 51 54 49
68 47 53 52 49 53
68 47 53 52 50 52
68 47 53 52 51 51
68 47 53 52 52 50
68 47 53 53 49 52
68 47 53 53 50 51
68 47 53 53 51 50
68 47 54 48 53 52
68 47 54 48 54 51
68 47 54 49 51 53
68 47 54 49 52 52
68 47 54 49 54 50
68 47 54 50 50 53
68 47 54 50 51 52
68 47 54 51 49 53
68 47 54 51 50 52
68 47 54 51 52 50
68 47 54 52 49 52
68 47 54 52 50 51
68 47 54 53 49 51
68 47 55 48 52 52
68 47 55 48 53 51
68 47 55 49 51 52
68 47 55 49 52 51
68 47 55 50 51 51
68 47 55 50 52 50
68 47 55 50 53 49
68 47 56 49 52 50
68 48 48 54 53 51
68 48 48 55 52 51
68 48 49 52 52 53
68 48 49 52 53 52
68 48 49 52 54 51
68 48 49 53 51 53
68 48 49 53 53 51
68 48 49 53 54 50
68 48 49 53 55 49
68 48 49 54 49 54
68 48 49 54 53 50
68 48 49 54 54 49
68 48 49 55 49 53
68 48 49 55 52 50
68 48 49 56 49 52
68 48 50 50 53 53
68 48 50 50 55 51
68 48 50 51 51 54
68 48 50 51 52 53
68 48 50 51 53 52
68 48 50 51 54 51
68 48 50 52 49 55
68 48 50 52 51 53
68 48 50 52 53 51
68 48 50 52 55 49
68 48 50 53 49 54
68 48 50 53 50 53
68 48 50 53 53 50
68 48 50 53 54 49
68 48 50 54 49 53
68 48 50 54 51 51
68 48 50 54 53 49
68 48 50 55 48 53
68 48 50 55 49 52
68 48 50 55 50 51
68 48 50 56 49 51
68 48 51 49 52 54
68 48 51 49 54 52
68 48 51 49 55 51
68 48 51 50 50 55
68 48 51 50 52 53
68 48 51 50 53 52
68 48 51 50 54 51
68 48 51 50 55 50
68 48 51 51 49 55
68 48 51 51 52 52
68 48 51 51 53 51
68 48 51 51 54 50
68 48 51 51 55 49
68 48 51 52 49 54
68 48 51 52 50 53
68 48 51 52 51 52
68 48 51 52 52 51
68 48 51 52 53 50
68 48 51 52 54 49
68 48 51 53 48 54
68 48 51 53 50 52
68 48 51 53 51 51
68 48 51 53 53 49
68 48 51 54 47 54
68 48 51 54 48 53
68 48 51 54 49 52
68 48 51 54 50 51
68 48 51 54 52 49
68 48 51 55 47 53
68 48 51 55 48 52
68 48 51 55 49 51
68 48 51 55 50 50
68 48 52 48 53 53
68 48 52 49 51 54
68 48 52 49 52 53
68 48 52 49 53 52
68 48 52 49 54 51
68 48 52 49 55 50
68 48 52 50 51 53
68 48 52 50 53 51
68 48 52 50 55 49
68 48 52 51 49 54
68 48 52 51 50 53
68 48 52 51 51 52
68 48 52 51 52 51
68 48 52 51 53 50
68 48 52 51 54 49
68 48 52 51 55 48
68 48 52 52 51 51
68 48 52 53 47 54
68 48 52 53 49 52
68 48 52 53 51 50
68 48 52 53 52 49
68 48 52 54 47 53
68 48 52 54 49 51
68 48 52 55 47 52
68 48 52 55 48 51
68 48 53 47 54 52
68 48 53 48 52 53
68 48 53 48 54 51
68 48 53 49 50 54
68 48 53 49 52 52
68 48 53 49 53 51
68 48 53 50 51 52
68 48 53 50 52 51
68 48 53 50 54 49
68 48 53 51 52 50
68 48 53 51 54 48
68 48 53 52 48 53
68 48 53 52 49 52
68 48 53 52 50 51
68 48 53 52 51 50
68 48 53 52 52 49
68 48 53 53 47 53
68 48 53 53 48 52
68 48 53 53 51 49
68 48 53 54 48 51
68 48 54 47 53 52
68 48 54 47 54 51
68 48 54 48 51 53
68 48 54 48 53 51
68 48 54 49 50 53
68 48 54 49 51 52
68 48 54 49 52 51
68 48 54 49 53 50
68 48 54 49 54 49
68 48 54 50 51 51
68 48 54 50 53 49
68 48 54 51 49 52
68 48 54 52 49 51
68 48 54 52 51 49
68 48 54 53 49 50
68 48 55 48 51 52
68 48 55 48 52 51
68 48 55 48 53 50
68 48 55 49 52 50
68 48 55 50 50 51
68 48 55 50 51 50
68 48 55 50 52 49
68 48 55 51 50 50
68 48 55 51 51 49
68 48 56 49 51 50
68 48 56 49 52 49
68 49 47 53 55 50
68 49 47 54 53 51
68 49 47 55 52 51
68 49 47 55 53 50
68 49 48 51 53 53
68 49 48 51 54 52
68 49 48 51 55 51
68 49 48 52 51 54
68 49 48 52 52 53
68 49 48 52 53 52
68 49 48 52 55 50
68 49 48 52 56 49
68 49 48 53 50 54
68 49 48 53 51 53
68 49 48 53 54 50
68 49 48 54 49 54
68 49 48 54 50 53
68 49 48 54 51 52
68 49 48 54 52 51
68 49 48 54 53 50
68 49 48 54 54 49
68 49 48 55 49 53
68 49 48 55 50 52
68 49 48 55 51 51
68 49 48 55 52 50
68 49 49 50 53 53
68 49 49 50 54 52
68 49 49 50 55 51
68 49 49 51 52 53
68 49 49 51 54 51
68 49 49 51 55 50
68 49 49 51 56 49
68 49 49 52 49 55
68 49 49 52 50 54
68 49 49 52 51 53
68 49 49 52 52 52
68 49 49 52 54 50
68 49 49 52 56 48
68 49 49 53 50 53
68 49 49 53 51 52
68 49 49 53 52 51
68 49 49 53 55 48
68 49 49 54 48 54
68 49 49 54 50 52
68 49 49 54 51 51
68 49 49 54 54 48
68 49 49 55 50 51
68 49 49 55 52 49
68 49 49 56 48 52
68 49 49 56 49 51
68 49 49 56 50 50
68 49 50 49 51 55
68 49 50 49 52 54
68 49 50 49 53 53
68 49 50 49 54 52
68 49 50 49 55 51
68 49 50 50 50 55
68 49 50 50 51 54
68 49 50 50 52 53
68 49 50 50 53 52
68 49 50 50 55 50
68 49 50 50 56 49
68 49 50 51 55 49
68 49 50 52 48 55
68 49 50 52 49 54
68 49 50 52 52 51
68 49 50 52 53 50
68 49 50 52 54 49
68 49 50 53 49 53
68 49 50 53 50 52
68 49 50 53 52 50
68 49 50 53 53 49
68 49 50 54 47 54
68 49 50 54 48 53
68 49 50 54 49 52
68 49 50 54 51 50
68 49 50 54 52 49
68 49 50 55 48 52
68 49 50 55 49 51
68 49 50 55 50 50
68 49 50 56 47 52
68 49 50 56 48 51
68 49 51 47 53 54
68 49 51 48 52 54
68 49 51 48 54 52
68 49 51 48 55 51
68 49 51 49 50 55
68 49 51 49 51 54
68 49 51 49 54 51
68 49 51 50 49 55
68 49 51 50 51 53
68 49 51 50 53 51
68 49 51 50 54 50
68 49 51 51 48 55
68 49 51 51 49 54
68 49 51 51 50 53
68 49 51 51 51 52
68 49 51 51 53 50
68 49 51 51 54 49
68 49 51 52 48 54
68 49 51 52 50 52
68 49 51 52 51 51
68 49 51 52 52 50
68 49 51 52 53 49
68 49 51 53 47 54
68 49 51 53 48 53
68 49 51 53 49 52
68 49 51 53 50 51
68 49 51 53 51 50
68 49 51 53 52 49
68 49 51 53 53 48
68 49 51 54 46 54
68 49 51 54 48 52
68 49 51 55 46 53
68 49 51 55 47 52
68 49 51 55 49 50
68 49 52 47 52 54
68 49 52 47 53 53
68 49 52 47 54 52
68 49 52 48 51 54
68 49 52 48 52 53
68 49 52 48 54 51
68 49 52 48 55 50
68 49 52 49 51 53
68 49 52 49 52 52
68 49 52 49 54 50
68 49 52 49 55 49
68 49 52 50 49 54
68 49 52 50 50 53
68 49 52 50 52 51
68 49 52 50 53 50
68 49 52 50 55 48
68 49 52 51 48 54
68 49 52 51 50 52
68 49 52 51 51 51
68 49 52 51 52 50
68 49 52 51 53 49
68 49 52 52 47 54
68 49 52 52 48 53
68 49 52 52 49 52
68 49 52 52 52 49
68 49 52 53 47 53
68 49 52 53 48 52
68 49 52 53 49 51
68 49 52 53 50 50
68 49 52 53 51 49
68 49 52 53 52 48
68 49 52 54 46 53
68 49 52 54 47 52
68 49 52 54 48 51
68 49 52 55 46 52
68 49 52 55 47 51
68 49 53 47 51 54
68 49 53 47 52 53
68 49 53 47 53 52
68 49 53 48 50 54
68 49 53 48 52 52
68 49 53 48 54 50
68 49 53 49 50 53
68 49 53 49 51 52
68 49 53 49 52 51
68 49 53 49 53 50
68 49 53 50 49 53
68 49 53 50 51 51
68 49 53 50 52 50
68 49 53 50 54 48
68 49 53 51 50 51
68 49 53 51 51 50
68 49 53 51 53 48
68 49 53 52 48 52
68 49 53 52 49 51
68 49 53 52 50 50
68 49 53 52 52 48
68 49 53 53 49 50
68 49 53 53 50 49
68 49 53 54 47 51
68 49 53 54 48 50
68 49 54 47 52 52
68 49 54 47 53 51
68 49 54 48 51 52
68 49 54 48 52 51
68 49 54 48 53 50
68 49 54 48 54 49
68 49 54 49 52 50
68 49 54 49 54 48
68 49 54 50 49 52
68 49 54 50 51 50
68 49 54 50 52 49
68 49 54 50 53 48
68 49 54 51 48 52
68 49 54 51 49 51
68 49 54 51 51 49
68 49 54 51 52 48
68 49 54 52 48 51
68 49 54 52 50 49
68 49 54 53 48 50
68 49 55 47 52 51
68 49 55 48 51 51
68 49 55 48 52 50
68 49 55 48 53 49
68 49 55 49 50 51
68 49 55 49 51 50
68 49 55 49 53 48
68 49 55 50 49 51
68 49 55 50 50 50
68 49 55 50 51 49
68 49 55 51 49 50
68 49 55 51 50 49
68 49 56 48 51 50
68 49 56 48 52 49
68 49 56 49 51 49
68 50 47 51 53 53
68 50 47 52 51 54
68 50 47 52 53 52
68 50 47 52 54 51
68 50 47 52 55 50
68 50 47 52 56 49
68 50 47 54 50 53
68 50 47 54 51 52
68 50 47 54 52 51
68 50 47 54 53 50
68 50 47 54 54 49
68 50 47 55 51 51
68 50 47 55 52 50
68 50 48 49 54 53
68 50 48 50 51 55
68 50 48 50 55 51
68 50 48 51 52 53
68 50 48 51 53 52
68 50 48 51 55 50
68 50 48 51 56 49
68 50 48 52 49 55
68 50 48 52 53 51
68 50 48 52 55 49
68 50 48 53 49 54
68 50 48 53 50 53
68 50 48 53 51 52
68 50 48 53 52 51
68 50 48 53 54 49
68 50 48 53 55 48
68 50 48 54 49 53
68 50 48 54 51 51
68 50 48 55 51 50
68 50 48 55 52 49
68 50 49 48 53 54
68 50 49 48 54 53
68 50 49 49 51 55
68 50 49 49 53 53
68 50 49 49 55 51
68 50 49 50 49 56
68 50 49 50 50 55
68 50 49 50 52 53
68 50 49 50 53 52
68 50 49 50 55 50
68 50 49 51 50 54
68 50 49 51 51 53
68 50 49 51 53 51
68 50 49 51 54 50
68 50 49 51 55 49
68 50 49 51 56 48
68 50 49 52 48 55
68 50 49 52 50 53
68 50 49 52 51 52
68 50 49 52 52 51
68 50 49 52 53 50
68 50 49 52 54 49
68 50 49 52 55 48
68 50 49 53 47 55
68 50 49 53 48 54
68 50 49 53 50 52
68 50 49 53 51 51
68 50 49 53 52 50
68 50 49 53 53 49
68 50 49 53 54 48
68 50 49 54 48 53
68 50 49 54 49 52
68 50 49 54 51 50
68 50 49 54 52 49
68 50 49 54 53 48
68 50 49 55 47 53
68 50 49 55 48 52
68 50 49 55 49 51
68 50 49 55 50 50
68 50 49 55 52 48
68 50 50 47 53 54
68 50 50 47 54 53
68 50 50 48 51 55
68 50 50 48 55 51
68 50 50 49 50 55
68 50 50 49 53 52
68 50 50 49 55 50
68 50 50 50 49 55
68 50 50 50 51 53
68 50 50 50 53 51
68 50 50 50 55 49
68 50 50 51 48 55
68 50 50 51 49 54
68 50 50 51 50 53
68 50 50 51 53 50
68 50 50 51 55 48
68 50 50 52 47 55
68 50 50 52 49 53
68 50 50 52 51 51
68 50 50 52 53 49
68 50 50 52 55 47
68 50 50 53 47 54
68 50 50 53 49 52
68 50 50 53 50 51
68 50 50 53 51 50
68 50 50 53 53 48
68 50 50 53 54 47
68 50 50 54 49 51
68 50 50 55 47 52
68 50 50 55 48 51
68 50 50 55 49 50
68 50 50 55 50 49
68 50 51 47 52 54
68 50 51 47 53 53
68 50 51 47 54 52
68 50 51 48 50 55
68 50 51 48 53 52
68 50 51 49 49 55
68 50 51 49 51 53
68 50 51 49 52 52
68 50 51 49 53 51
68 50 51 50 48 55
68 50 51 50 50 53
68 50 51 50 52 51
68 50 51 50 53 50
68 50 51 50 54 49
68 50 51 51 48 54
68 50 51 51 49 53
68 50 51 51 50 52
68 50 51 51 51 51
68 50 51 51 52 50
68 50 51 51 54 48
68 50 51 52 47 54
68 50 51 52 48 53
68 50 51 52 49 52
68 50 51 52 54 47
68 50 51 53 46 54
68 50 51 53 47 53
68 50 51 53 48 52
68 50 51 53 49 51
68 50 51 53 50 50
68 50 51 53 52 48
68 50 51 53 53 47
68 50 51 54 46 53
68 50 51 54 48 51
68 50 51 54 50 49
68 50 51 54 51 48
68 50 51 55 46 52
68 50 51 55 47 51
68 50 51 55 48 50
68 50 51 55 49 49
68 50 52 47 51 54
68 50 52 47 52 53
68 50 52 47 53 52
68 50 52 48 51 53
68 50 52 48 53 51
68 50 52 49 49 54
68 50 52 49 50 53
68 50 52 49 52 51
68 50 52 49 54 49
68 50 52 50 49 53
68 50 52 50 53 49
68 50 52 51 48 53
68 50 52 51 52 49
68 50 52 51 54 47
68 50 52 53 46 53
68 50 52 53 47 52
68 50 52 53 48 51
68 50 52 53 50 49
68 50 52 53 51 48
68 50 52 54 47 51
68 50 52 54 49 49
68 50 53 47 51 53
68 50 53 48 52 51
68 50 53 48 53 50
68 50 53 49 49 53
68 50 53 49 50 52
68 50 53 49 51 51
68 50 53 49 52 50
68 50 53 49 53 49
68 50 53 49 54 48
68 50 53 50 48 53
68 50 53 50 49 52
68 50 53 50 50 51
68 50 53 50 51 50
68 50 53 50 52 49
68 50 53 50 53 48
68 50 53 51 48 52
68 50 53 51 49 51
68 50 53 51 50 50
68 50 53 51 52 48
68 50 53 52 47 52
68 50 53 52 48 51
68 50 53 52 49 50
68 50 53 52 50 49
68 50 53 52 51 48
68 50 53 53 47 51
68 50 53 53 49 49
68 50 53 53 50 48
68 50 53 54 47 50
68 50 54 47 53 50
68 50 54 48 51 51
68 50 54 49 52 49
68 50 54 49 53 48
68 50 54 50 49 51
68 50 54 50 53 47
68 50 54 51 51 48
68 50 54 51 52 47
68 50 54 52 47 51
68 50 54 52 49 49
68 50 54 53 47 50
68 50 55 47 51 51
68 50 55 47 52 50
68 50 55 48 50 51
68 50 55 48 51 50
68 50 55 49 50 50
68 50 55 49 51 49
68 50 55 49 52 48
68 50 55 50 49 50
68 50 55 50 50 49
68 50 55 51 48 50
68 50 55 51 49 49
68 50 55 51 50 48
68 50 56 49 50 49
68 51 46 52 53 52
68 51 46 52 54 51
68 51 46 52 55 50
68 51 46 53 52 52
68 51 46 53 53 51
68 51 46 53 54 50
68 51 46 53 55 49
68 51 46 54 53 50
68 51 46 54 54 49
68 51 47 49 54 53
68 51 47 50 51 55
68 51 47 50 53 53
68 51 47 50 54 52
68 51 47 51 52 53
68 51 47 51 53 52
68 51 47 51 55 50
68 51 47 52 50 54
68 51 47 52 51 53
68 51 47 52 53 51
68 51 47 52 55 49
68 51 47 53 51 52
68 51 47 53 52 51
68 51 47 53 53 50
68 51 47 53 55 48
68 51 47 54 50 52
68 51 47 54 51 51
68 51 47 54 52 50
68 51 47 54 53 49
68 51 47 54 54 48
68 51 48 48 52 55
68 51 48 48 53 54
68 51 48 49 50 56
68 51 48 49 51 55
68 51 48 49 52 54
68 51 48 49 54 52
68 51 48 50 50 55
68 51 48 50 51 54
68 51 48 50 53 52
68 51 48 50 55 50
68 51 48 51 50 54
68 51 48 51 51 53
68 51 48 51 52 52
68 51 48 51 54 50
68 51 48 52 48 55
68 51 48 52 51 52
68 51 48 52 52 51
68 51 48 52 53 50
68 51 48 52 54 49
68 51 48 52 55 48
68 51 48 53 48 54
68 51 48 53 49 53
68 51 48 53 50 52
68 51 48 53 51 51
68 51 48 53 52 50
68 51 48 53 53 49
68 51 48 53 54 48
68 51 48 54 49 52
68 51 48 54 50 51
68 51 48 54 51 50
68 51 48 54 52 49
68 51 48 54 53 48
68 51 48 54 54 47
68 51 48 55 50 50
68 51 48 55 51 49
68 51 49 47 52 55
68 51 49 47 53 54
68 51 49 48 50 56
68 51 49 48 52 54
68 51 49 48 54 52
68 51 49 49 49 56
68 51 49 49 50 55
68 51 49 49 52 53
68 51 49 49 53 52
68 51 49 49 54 51
68 51 49 49 55 50
68 51 49 50 49 55
68 51 49 50 51 53
68 51 49 50 53 51
68 51 49 50 55 49
68 51 49 51 48 55
68 51 49 51 49 54
68 51 49 51 51 52
68 51 49 51 52 51
68 51 49 51 53 50
68 51 49 51 55 48
68 51 49 52 47 55
68 51 49 52 48 54
68 51 49 52 49 53
68 51 49 52 50 52
68 51 49 52 52 50
68 51 49 52 53 49
68 51 49 52 54 48
68 51 49 52 55 47
68 51 49 53 47 54
68 51 49 53 51 50
68 51 49 53 54 47
68 51 49 54 49 51
68 51 49 54 51 49
68 51 49 54 52 48
68 51 49 55 48 51
68 51 49 55 49 50
68 51 49 55 50 49
68 51 49 55 51 48
68 51 50 47 51 55
68 51 50 47 52 54
68 51 50 47 53 53
68 51 50 47 54 52
68 51 50 48 50 55
68 51 50 48 51 54
68 51 50 48 52 53
68 51 50 48 53 52
68 51 50 49 49 55
68 51 50 49 50 54
68 51 50 49 51 53
68 51 50 49 53 51
68 51 50 49 54 50
68 51 50 50 50 53
68 51 50 50 53 50
68 51 50 50 55 48
68 51 50 51 47 55
68 51 50 51 48 54
68 51 50 51 49 53
68 51 50 51 50 52
68 51 50 51 51 51
68 51 50 51 53 49
68 51 50 51 54 48
68 51 50 51 55 47
68 51 50 52 47 54
68 51 50 52 48 53
68 51 50 52 49 52
68 51 50 52 51 50
68 51 50 52 52 49
68 51 50 52 53 48
68 51 50 53 48 52
68 51 50 53 49 51
68 51 50 53 50 50
68 51 50 53 51 49
68 51 50 53 52 48
68 51 50 54 47 52
68 51 50 55 48 50
68 51 50 55 49 49
68 51 50 55 50 48
68 51 51 46 52 54
68 51 51 46 53 53
68 51 51 47 52 53
68 51 51 48 49 55
68 51 51 48 52 52
68 51 51 48 54 50
68 51 51 49 49 54
68 51 51 49 50 53
68 51 51 49 51 52
68 51 51 49 52 51
68 51 51 50 48 54
68 51 51 50 51 51
68 51 51 50 53 49
68 51 51 51 47 54
68 51 51 51 48 53
68 51 51 51 50 51
68 51 51 51 51 50
68 51 51 51 52 49
68 51 51 51 53 48
68 51 51 52 47 53
68 51 51 52 48 52
68 51 51 52 49 51
68 51 51 52 51 49
68 51 51 52 52 48
68 51 51 52 53 47
68 51 51 53 46 53
68 51 51 53 47 52
68 51 51 53 49 50
68 51 51 53 50 49
68 51 51 53 52 47
68 51 51 54 46 52
68 51 51 54 49 49
68 51 52 46 52 53
68 51 52 47 51 53
68 51 52 47 52 52
68 51 52 47 53 51
68 51 52 48 49 54
68 51 52 48 50 53
68 51 52 48 51 52
68 51 52 48 52 51
68 51 52 48 53 50
68 51 52 49 51 51
68 51 52 49 53 49
68 51 52 49 54 48
68 51 52 50 48 53
68 51 52 50 51 50
68 51 52 50 52 49
68 51 52 50 54 47
68 51 52 51 47 53
68 51 52 51 48 52
68 51 52 51 49 51
68 51 52 51 50 50
68 51 52 51 52 48
68 51 52 51 53 47
68 51 52 52 48 51
68 51 52 52 49 50
68 51 52 52 51 48
68 51 52 53 46 52
68 51 52 53 47 51
68 51 52 53 50 48
68 51 52 53 51 47
68 51 52 54 46 51
68 51 52 54 47 50
68 51 52 54 48 49
68 51 52 54 49 48
68 51 53 47 50 53
68 51 53 47 51 52
68 51 53 47 52 51
68 51 53 47 53 50
68 51 53 48 49 53
68 51 53 48 50 52
68 51 53 48 51 51
68 51 53 48 53 49
68 51 53 49 49 52
68 51 53 49 50 51
68 51 53 49 52 49
68 51 53 49 53 48
68 51 53 50 48 52
68 51 53 50 50 50
68 51 53 50 51 49
68 51 53 50 52 48
68 51 53 51 47 52
68 51 53 51 49 50
68 51 53 51 50 49
68 51 53 51 51 48
68 51 53 51 52 47
68 51 53 52 48 50
68 51 53 52 50 48
68 51 53 52 51 47
68 51 53 53 46 51
68 51 53 53 47 50
68 51 53 54 47 49
68 51 54 47 52 50
68 51 54 48 51 50
68 51 54 49 50 50
68 51 54 49 51 49
68 51 54 49 52 48
68 51 54 50 48 51
68 51 54 50 50 49
68 51 54 50 51 48
68 51 54 50 52 47
68 51 54 51 49 49
68 51 54 51 50 48
68 51 54 51 51 47
68 51 54 52 47 50
68 51 54 52 48 49
68 51 54 52 49 48
68 51 55 49 51 48
68 51 55 50 50 48
68 51 55 50 51 47
68 51 55 51 48 49
68 51 55 51 49 48
68 52 46 51 53 52
68 52 46 51 54 51
68 52 46 52 53 51
68 52 46 52 55 49
68 52 46 53 53 50
68 52 46 53 54 49
68 52 47 49 51 55
68 52 47 49 52 54
68 52 47 49 53 53
68 52 47 49 54 52
68 52 47 50 50 55
68 52 47 50 53 52
68 52 47 50 54 51
68 52 47 51 50 54
68 52 47 51 51 53
68 52 47 51 52 52
68 52 47 51 53 51
68 52 47 51 54 50
68 52 47 51 55 49
68 52 47 52 53 50
68 52 47 52 54 49
68 52 47 52 55 48
68 52 47 53 51 51
68 52 47 53 53 49
68 52 47 53 54 48
68 52 47 54 52 49
68 52 47 54 53 48
68 52 48 47 52 55
68 52 48 48 51 55
68 52 48 48 53 53
68 52 48 49 49 56
68 52 48 49 50 55
68 52 48 49 51 54
68 52 48 49 52 53
68 52 48 49 53 52
68 52 48 49 54 51
68 52 48 50 51 53
68 52 48 51 51 52
68 52 48 51 52 51
68 52 48 51 53 50
68 52 48 51 54 49
68 52 48 51 55 48
68 52 48 52 51 51
68 52 48 52 53 49
68 52 48 53 49 52
68 52 48 53 50 51
68 52 48 53 51 50
68 52 48 53 52 49
68 52 48 53 54 47
68 52 48 54 51 49
68 52 48 54 53 47
68 52 49 46 52 55
68 52 49 47 50 56
68 52 49 47 51 55
68 52 49 47 52 54
68 52 49 48 49 56
68 52 49 48 50 55
68 52 49 48 51 54
68 52 49 48 52 53
68 52 49 48 53 52
68 52 49 48 54 51
68 52 49 49 50 54
68 52 49 49 51 53
68 52 49 49 52 52
68 52 49 49 54 50
68 52 49 50 48 55
68 52 49 50 49 54
68 52 49 50 50 53
68 52 49 50 51 52
68 52 49 50 52 51
68 52 49 51 48 54
68 52 49 51 49 53
68 52 49 51 51 51
68 52 49 51 53 49
68 52 49 51 54 48
68 52 49 52 49 52
68 52 49 52 52 49
68 52 49 52 53 48
68 52 49 52 54 47
68 52 49 53 48 52
68 52 49 53 50 50
68 52 49 53 53 47
68 52 49 54 48 51
68 52 49 54 49 50
68 52 49 54 50 49
68 52 49 54 51 48
68 52 49 54 52 47
68 52 50 46 51 55
68 52 50 47 50 55
68 52 50 47 52 53
68 52 50 47 53 52
68 52 50 48 49 55
68 52 50 48 51 53
68 52 50 48 53 51
68 52 50 49 49 54
68 52 50 49 50 53
68 52 50 49 51 52
68 52 50 49 53 50
68 52 50 50 49 53
68 52 50 50 51 51
68 52 50 50 53 49
68 52 50 51 47 54
68 52 50 51 48 53
68 52 50 51 49 52
68 52 50 52 51 49
68 52 50 53 47 52
68 52 50 53 48 51
68 52 50 53 49 50
68 52 50 53 50 49
68 52 50 53 51 48
68 52 50 53 52 47
68 52 50 54 51 47
68 52 51 46 51 54
68 52 51 46 52 53
68 52 51 47 50 54
68 52 51 47 51 53
68 52 51 47 53 51
68 52 51 48 50 53
68 52 51 48 51 52
68 52 51 48 52 51
68 52 51 48 53 50
68 52 51 49 48 54
68 52 51 49 50 52
68 52 51 49 53 49
68 52 51 50 47 54
68 52 51 50 48 53
68 52 51 50 49 52
68 52 51 50 50 51
68 52 51 50 53 48
68 52 51 51 47 53
68 52 51 51 48 52
68 52 51 51 49 51
68 52 51 51 51 49
68 52 51 51 52 48
68 52 51 51 53 47
68 52 51 52 46 53
68 52 51 52 48 51
68 52 51 52 51 48
68 52 51 52 52 47
68 52 51 53 46 52
68 52 51 53 47 51
68 52 51 53 48 50
68 52 51 53 49 49
68 52 51 53 50 48
68 52 51 54 47 50
68 52 51 54 48 49
68 52 51 54 49 48
68 52 51 54 50 47
68 52 52 46 51 53
68 52 52 47 50 53
68 52 52 48 49 53
68 52 52 48 51 51
68 52 52 48 53 49
68 52 52 49 48 53
68 52 52 49 49 52
68 52 52 49 50 51
68 52 52 49 51 50
68 52 52 49 52 49
68 52 52 49 53 48
68 52 52 50 51 49
68 52 52 51 48 51
68 52 52 51 49 50
68 52 52 51 50 49
68 52 52 51 51 48
68 52 52 52 47 51
68 52 52 52 49 49
68 52 52 53 46 51
68 52 52 53 47 50
68 52 52 53 48 49
68 52 52 53 49 48
68 52 52 53 50 47
68 52 52 54 47 49
68 52 53 47 51 51
68 52 53 48 49 52
68 52 53 49 48 52
68 52 53 49 49 51
68 52 53 49 50 50
68 52 53 49 51 49
68 52 53 50 48 51
68 52 53 50 50 49
68 52 53 50 51 48
68 52 53 51 47 51
68 52 53 51 48 50
68 52 53 51 50 48
68 52 53 51 51 47
68 52 53 51 52 46
68 52 53 52 47 50
68 52 53 52 49 48
68 52 53 53 47 49
68 52 53 53 48 48
68 52 54 47 50 51
68 52 54 47 51 50
68 52 54 48 49 51
68 52 54 49 49 50
68 52 54 49 51 48
68 52 54 50 49 49
68 52 54 50 51 47
68 52 54 51 48 49
68 52 54 51 49 48
68 52 54 51 50 47
68 52 54 52 47 49
68 52 54 52 49 47
68 52 55 48 50 49
68 52 55 48 51 48
68 52 55 49 49 49
68 52 55 49 50 48
68 52 55 49 51 47
68 52 55 50 48 49
68 52 55 50 49 48
68 52 55 50 50 47
68 53 46 51 53 51
68 53 47 48 52 54
68 53 47 49 51 54
68 53 47 49 52 53
68 53 47 49 53 52
68 53 47 49 54 51
68 53 47 50 50 54
68 53 47 50 52 52
68 53 47 50 53 51
68 53 47 50 54 50
68 53 47 51 50 53
68 53 47 51 51 52
68 53 47 51 53 50
68 53 47 51 54 49
68 53 47 52 51 51
68 53 47 52 52 50
68 53 47 53 53 48
68 53 48 47 51 55
68 53 48 47 52 54
68 53 48 47 53 53
68 53 48 48 50 55
68 53 48 48 51 54
68 53 48 48 53 52
68 53 48 49 49 55
68 53 48 49 50 54
68 53 48 50 50 53
68 53 48 50 51 52
68 53 48 50 52 51
68 53 48 50 54 49
68 53 48 51 49 53
68 53 48 51 50 52
68 53 48 51 52 50
68 53 48 51 54 48
68 53 48 52 49 52
68 53 48 52 50 51
68 53 48 52 51 50
68 53 48 52 52 49
68 53 48 52 53 48
68 53 48 53 50 50
68 53 48 53 52 48
68 53 49 46 51 55
68 53 49 46 52 54
68 53 49 47 52 53
68 53 49 48 50 54
68 53 49 48 51 53
68 53 49 48 52 52
68 53 49 49 48 55
68 53 49 49 50 53
68 53 49 49 53 50
68 53 49 50 48 54
68 53 49 50 49 53
68 53 49 50 51 51
68 53 49 50 52 50
68 53 49 50 53 49
68 53 49 51 48 53
68 53 49 51 49 52
68 53 49 51 51 50
68 53 49 51 52 49
68 53 49 52 48 52
68 53 49 52 49 51
68 53 49 52 50 50
68 53 49 52 52 48
68 53 49 52 53 47
68 53 49 53 48 51
68 53 49 53 49 50
68 53 49 53 50 49
68 53 49 53 52 47
68 53 50 46 51 54
68 53 50 46 52 53
68 53 50 47 49 55
68 53 50 47 51 53
68 53 50 48 49 54
68 53 50 48 51 52
68 53 50 48 52 51
68 53 50 48 53 50
68 53 50 49 48 54
68 53 50 49 50 52
68 53 50 49 51 51
68 53 50 49 52 50
68 53 50 49 53 49
68 53 50 50 47 54
68 53 50 50 48 53
68 53 50 50 49 52
68 53 50 50 50 51
68 53 50 50 51 50
68 53 50 50 52 49
68 53 50 51 49 51
68 53 50 51 50 50
68 53 50 51 51 49
68 53 50 51 52 48
68 53 50 51 53 47
68 53 50 52 48 51
68 53 50 52 49 50
68 53 50 52 52 47
68 53 50 53 47 51
68 53 50 53 49 49
68 53 50 53 51 47
68 53 50 54 48 49
68 53 50 54 49 48
68 53 50 54 50 47
68 53 51 46 51 53
68 53 51 47 51 52
68 53 51 47 52 51
68 53 51 48 50 52
68 53 51 48 51 51
68 53 51 48 52 50
68 53 51 49 48 53
68 53 51 49 49 52
68 53 51 49 50 51
68 53 51 49 53 48
68 53 51 50 50 50
68 53 51 50 51 49
68 53 51 50 52 48
68 53 51 50 53 47
68 53 51 51 47 52
68 53 51 51 48 51
68 53 51 51 49 50
68 53 51 51 50 49
68 53 51 51 52 47
68 53 51 52 47 51
68 53 51 52 49 49
68 53 51 52 50 48
68 53 51 52 51 47
68 53 51 52 52 46
68 53 51 53 47 50
68 53 51 53 50 47
68 53 51 53 51 46
68 53 51 54 47 49
68 53 52 46 51 52
68 53 52 47 51 51
68 53 52 48 50 51
68 53 52 48 51 50
68 53 52 48 52 49
68 53 52 49 49 51
68 53 52 49 50 50
68 53 52 49 52 48
68 53 52 50 49 50
68 53 52 50 50 49
68 53 52 50 51 48
68 53 52 50 52 47
68 53 52 51 47 51
68 53 52 51 48 50
68 53 52 51 49 49
68 53 52 51 50 48
68 53 52 51 51 47
68 53 52 51 52 46
68 53 52 52 48 49
68 53 52 52 49 48
68 53 52 52 50 47
68 53 52 52 51 46
68 53 52 53 47 49
68 53 52 53 48 48
68 53 53 48 49 51
68 53 53 48 50 50
68 53 53 48 51 49
68 53 53 49 48 51
68 53 53 49 49 50
68 53 53 50 47 51
68 53 53 50 48 50
68 53 53 50 49 49
68 53 53 51 49 48
68 53 53 51 50 47
68 53 53 51 51 46
68 53 53 52 47 49
68 53 53 52 49 47
68 53 53 52 50 46
68 53 53 53 48 47
68 53 54 48 49 50
68 53 54 48 50 49
68 53 54 48 51 48
68 53 54 49 50 48
68 53 54 49 51 47
68 53 54 50 48 49
68 53 54 50 50 47
68 53 54 51 48 48
68 53 54 51 49 47
68 53 54 51 50 46
68 53 54 52 47 48
68 53 54 52 48 47
68 53 55 49 50 47
68 54 47 48 51 54
68 54 47 48 52 53
68 54 47 49 52 52
68 54 47 50 52 51
68 54 47 50 53 50
68 54 47 51 52 50
68 54 48 47 51 54
68 54 48 47 52 53
68 54 48 48 51 53
68 54 48 49 49 54
68 54 48 49 50 53
68 54 48 49 51 52
68 54 48 49 52 51
68 54 48 50 53 49
68 54 48 51 50 51
68 54 48 51 52 49
68 54 48 52 51 49
68 54 49 46 51 54
68 54 49 47 50 54
68 54 49 47 51 53
68 54 49 47 52 52
68 54 49 48 49 54
68 54 49 48 51 52
68 54 49 48 52 51
68 54 49 49 48 54
68 54 49 49 50 52
68 54 49 49 51 51
68 54 49 49 52 50
68 54 49 50 48 53
68 54 49 50 49 52
68 54 49 50 53 48
68 54 49 51 48 52
68 54 49 51 50 50
68 54 49 51 51 49
68 54 49 51 52 48
68 54 49 51 53 47
68 54 49 52 50 49
68 54 49 52 51 48
68 54 49 52 52 47
68 54 49 53 51 47
68 54 50 46 51 53
68 54 50 47 50 53
68 54 50 47 51 52
68 54 50 48 49 53
68 54 50 48 51 51
68 54 50 49 48 53
68 54 50 49 50 51
68 54 50 49 52 49
68 54 50 50 49 51
68 54 50 51 47 52
68 54 50 51 52 47
68 54 50 52 51 47
68 54 50 53 49 48
68 54 50 53 50 47
68 54 51 47 49 53
68 54 51 47 50 52
68 54 51 47 51 51
68 54 51 48 48 53
68 54 51 48 49 52
68 54 51 48 50 51
68 54 51 48 51 50
68 54 51 49 49 51
68 54 51 49 51 49
68 54 51 49 52 48
68 54 51 50 47 52
68 54 51 50 48 51
68 54 51 50 50 49
68 54 51 51 48 50
68 54 51 51 50 48
68 54 51 52 48 49
68 54 51 52 49 48
68 54 51 52 50 47
68 54 51 52 51 46
68 54 51 53 48 48
68 54 51 53 49 47
68 54 52 47 50 51
68 54 52 47 51 50
68 54 52 48 49 51
68 54 52 48 51 49
68 54 52 49 49 50
68 54 52 49 50 49
68 54 52 50 47 51
68 54 52 50 49 49
68 54 52 50 51 47
68 54 52 51 48 49
68 54 52 51 49 48
68 54 52 51 51 46
68 54 52 52 47 49
68 54 52 52 49 47
68 54 53 47 50 50
68 54 53 48 49 50
68 54 53 48 50 49
68 54 53 49 50 48
68 54 53 50 47 50
68 54 53 50 48 49
68 54 53 50 49 48
68 54 53 51 47 49
68 54 53 51 48 48
68 54 53 51 50 46
68 54 53 52 47 48
68 54 53 52 48 47
68 54 53 52 49 46
68 54 54 48 49 49
68 54 54 49 48 49
68 54 54 49 49 48
68 54 54 50 49 47
68 54 54 51 47 48
68 54 54 51 48 47
68 54 54 51 49 46
68 55 48 49 50 52
68 55 48 49 51 51
68 55 48 50 51 50
68 55 49 48 50 52
68 55 49 48 51 51
68 55 49 49 49 52
68 55 49 49 51 50
68 55 49 50 50 50
68 55 49 50 51 49
68 55 49 51 50 49
68 55 50 47 49 53
68 55 50 47 50 52
68 55 50 48 49 52
68 55 50 48 50 51
68 55 50 48 51 50
68 55 50 49 48 52
68 55 50 49 50 50
68 55 50 49 51 49
68 55 50 50 49 50
68 55 50 50 50 49
68 55 50 50 51 48
68 55 50 51 48 50
68 55 50 51 49 49
68 55 50 51 50 48
68 55 51 47 49 52
68 55 51 47 50 51
68 55 51 48 48 52
68 55 51 48 49 51
68 55 51 49 49 50
68 55 51 49 50 49
68 55 51 49 51 48
68 55 51 50 48 50
68 55 51 50 49 49
68 55 51 50 50 48
68 55 51 51 47 50
68 55 51 51 48 49
68 55 51 51 50 47
68 55 51 52 48 48
68 55 51 52 49 47
68 55 52 48 49 50
68 55 52 49 50 48
68 55 52 50 47 50
68 55 52 50 48 49
68 55 52 50 49 48
68 55 52 50 50 47
68 55 52 51 47 49
68 55 52 51 48 48
68 55 52 51 49 47
68 55 52 51 50 46
68 55 52 52 48 47
68 55 52 52 49 46
68 55 53 48 49 49
68 55 53 49 48 49
68 55 53 49 50 47
68 55 53 50 48 48
68 55 53 51 48 47
68 55 53 51 49 46
68 56 50 49 49 50
68 56 51 49 49 49
68 56 51 50 48 49
68 56 51 50 49 48
68 56 52 49 48 49
68 56 52 49 49 48
68 56 52 50 49 47
70 46 52 52 52 51
70 46 53 50 52 52
70 46 53 50 53 51
70 46 53 51 51 52
70 46 53 51 52 51
70 46 53 52 51 51
70 47 50 52 52 52
70 47 50 53 50 53
70 47 50 53 52 51
70 47 50 54 49 53
70 47 50 54 50 52
70 47 50 54 51 51
70 47 51 50 53 52
70 47 51 50 54 51
70 47 51 51 53 51
70 47 51 52 50 53
70 47 51 52 51 52
70 47 51 52 52 51
70 47 51 53 49 53
70 47 51 53 51 51
70 47 51 54 50 51
70 47 52 49 52 53
70 47 52 49 53 52
70 47 52 49 54 51
70 47 52 50 52 52
70 47 52 50 53 51
70 47 52 50 54 50
70 47 52 51 50 53
70 47 52 51 51 52
70 47 52 51 52 51
70 47 52 51 53 50
70 47 52 52 51 51
70 47 52 52 52 50
70 47 52 52 53 49
70 47 52 54 48 52
70 47 53 49 52 52
70 47 53 49 53 51
70 47 53 50 50 53
70 47 53 50 51 52
70 47 53 50 52 51
70 47 53 51 50 52
70 47 53 51 51 51
70 47 53 51 52 50
70 47 53 51 53 49
70 47 53 52 50 51
70 47 53 53 49 51
70 47 54 48 52 52
70 47 54 49 51 52
70 47 54 49 52 51
70 47 54 50 50 52
70 47 54 50 51 51
70 47 54 50 53 49
70 47 54 51 49 52
70 47 54 51 50 51
70 47 54 51 51 50
70 47 55 49 51 51
70 47 55 49 52 50
70 47 55 50 51 50
70 48 48 54 51 52
70 48 48 54 52 51
70 48 49 51 53 52
70 48 49 52 50 54
70 48 49 52 52 52
70 48 49 52 54 50
70 48 49 53 50 53
70 48 49 53 53 50
70 48 49 54 49 53
70 48 49 54 50 52
70 48 49 55 49 52
70 48 49 55 51 50
70 48 50 49 53 53
70 48 50 50 51 54
70 48 50 50 52 53
70 48 50 51 50 54
70 48 50 51 52 52
70 48 50 51 54 50
70 48 50 51 55 49
70 48 50 52 49 54
70 48 50 52 50 53
70 48 50 52 51 52
70 48 50 52 53 50
70 48 50 52 54 49
70 48 50 53 48 54
70 48 50 53 49 53
70 48 50 53 53 49
70 48 50 54 51 50
70 48 50 54 52 49
70 48 51 48 53 53
70 48 51 48 54 52
70 48 51 49 53 52
70 48 51 50 50 54
70 48 51 50 51 53
70 48 51 50 55 49
70 48 51 51 49 54
70 48 51 51 50 53
70 48 51 51 52 51
70 48 51 51 54 49
70 48 51 52 48 54
70 48 51 52 49 53
70 48 51 52 50 52
70 48 51 52 53 49
70 48 51 52 54 48
70 48 51 53 48 53
70 48 51 53 49 52
70 48 51 53 50 51
70 48 51 53 51 50
70 48 51 54 50 50
70 48 51 54 51 49
70 48 52 48 51 54
70 48 52 48 53 52
70 48 52 48 54 51
70 48 52 49 50 54
70 48 52 49 51 53
70 48 52 49 53 51
70 48 52 50 49 54
70 48 52 50 50 53
70 48 52 50 54 49
70 48 52 51 48 54
70 48 52 51 49 53
70 48 52 51 52 50
70 48 52 51 53 49
70 48 52 51 54 48
70 48 52 52 48 53
70 48 52 52 50 51
70 48 52 52 51 50
70 48 52 52 52 49
70 48 52 53 48 52
70 48 52 53 50 50
70 48 52 53 51 49
70 48 52 54 47 52
70 48 52 54 48 51
70 48 52 54 49 50
70 48 53 48 52 52
70 48 53 48 53 51
70 48 53 48 54 50
70 48 53 49 50 53
70 48 53 49 52 51
70 48 53 49 54 49
70 48 53 50 50 52
70 48 53 50 51 51
70 48 53 51 48 53
70 48 53 51 49 52
70 48 53 51 52 49
70 48 53 52 50 50
70 48 53 52 51 49
70 48 54 47 52 52
70 48 54 48 51 52
70 48 54 49 50 52
70 48 54 49 51 51
70 48 54 49 52 50
70 48 54 50 49 52
70 48 54 50 51 50
70 48 54 50 52 49
70 48 54 51 50 50
70 48 54 51 51 49
70 48 54 52 48 51
70 48 55 49 50 51
70 48 55 49 52 49
70 48 55 50 50 50
70 49 47 53 52 52
70 49 47 53 53 51
70 49 47 53 54 50
70 49 48 51 51 54
70 49 48 51 52 53
70 49 48 51 53 52
70 49 48 51 54 51
70 49 48 52 50 54
70 49 48 52 52 52
70 49 48 52 53 51
70 49 48 52 54 50
70 49 48 52 55 49
70 49 48 53 50 53
70 49 48 53 51 52
70 49 48 53 52 51
70 49 48 54 50 52
70 49 48 54 51 51
70 49 48 54 52 50
70 49 48 54 53 49
70 49 48 55 50 51
70 49 48 55 51 50
70 49 49 49 52 54
70 49 49 49 53 53
70 49 49 49 54 52
70 49 49 50 52 53
70 49 49 50 53 52
70 49 49 50 54 51
70 49 49 50 55 50
70 49 49 51 50 54
70 49 49 51 52 52
70 49 49 51 54 50
70 49 49 52 51 52
70 49 49 52 52 51
70 49 49 52 54 49
70 49 49 52 55 48
70 49 49 53 48 54
70 49 49 53 50 52
70 49 49 53 52 50
70 49 49 53 54 48
70 49 49 54 49 52
70 49 49 54 50 51
70 49 49 54 51 50
70 49 49 55 48 52
70 49 50 48 52 54
70 49 50 48 54 52
70 49 50 49 50 55
70 49 50 49 55 50
70 49 50 50 49 55
70 49 50 50 50 54
70 49 50 50 53 51
70 49 50 51 49 54
70 49 50 51 53 50
70 49 50 51 54 49
70 49 50 52 49 53
70 49 50 52 51 51
70 49 50 52 52 50
70 49 50 52 53 49
70 49 50 52 54 48
70 49 50 53 49 52
70 49 50 53 50 51
70 49 50 53 51 50
70 49 50 53 53 48
70 49 50 54 48 52
70 49 50 54 49 51
70 49 50 54 51 49
70 49 50 54 52 48
70 49 50 55 47 52
70 49 50 55 49 50
70 49 51 47 52 54
70 49 51 48 52 53
70 49 51 48 53 52
70 49 51 48 54 51
70 49 51 49 50 54
70 49 51 49 51 53
70 49 51 49 52 52
70 49 51 49 53 51
70 49 51 49 54 50
70 49 51 50 50 53
70 49 51 50 51 52
70 49 51 50 53 50
70 49 51 50 54 49
70 49 51 50 55 48
70 49 51 51 49 53
70 49 51 51 50 52
70 49 51 51 51 51
70 49 51 51 52 50
70 49 51 52 47 54
70 49 51 52 48 53
70 49 51 52 49 52
70 49 51 52 50 51
70 49 51 52 52 49
70 49 51 53 47 53
70 49 51 53 48 52
70 49 51 53 49 51
70 49 51 53 50 50
70 49 51 54 47 52
70 49 51 54 48 51
70 49 51 54 49 50
70 49 51 55 47 51
70 49 51 55 48 50
70 49 52 48 53 51
70 49 52 48 54 50
70 49 52 49 49 54
70 49 52 49 52 51
70 49 52 49 53 50
70 49 52 50 50 52
70 49 52 50 52 50
70 49 52 50 53 49
70 49 52 51 48 53
70 49 52 51 49 52
70 49 52 51 52 49
70 49 52 52 47 53
70 49 52 52 50 50
70 49 52 52 51 49
70 49 52 52 52 48
70 49 52 53 47 52
70 49 52 53 49 50
70 49 52 53 50 49
70 49 52 54 47 51
70 49 52 54 48 50
70 49 52 54 49 49
70 49 53 47 51 53
70 49 53 47 53 51
70 49 53 48 52 51
70 49 53 48 53 50
70 49 53 49 49 53
70 49 53 49 50 52
70 49 53 49 51 51
70 49 53 49 52 50
70 49 53 50 48 53
70 49 53 50 50 51
70 49 53 50 51 50
70 49 53 50 53 48
70 49 53 51 49 51
70 49 53 52 47 52
70 49 53 52 48 51
70 49 53 52 50 49
70 49 53 52 51 48
70 49 53 53 48 50
70 49 53 53 49 49
70 49 54 47 53 50
70 49 54 48 50 52
70 49 54 48 53 49
70 49 54 49 49 52
70 49 54 49 50 51
70 49 54 49 51 50
70 49 54 49 52 49
70 49 54 50 51 49
70 49 54 50 52 48
70 49 54 51 49 50
70 49 54 51 50 49
70 49 54 52 48 50
70 49 54 52 49 49
70 49 55 48 52 49
70 49 55 49 50 50
70 49 55 50 49 50
70 49 55 50 50 49
70 50 47 51 54 51
70 50 47 51 55 50
70 50 47 52 52 52
70 50 47 52 53 51
70 50 47 52 55 49
70 50 47 53 52 51
70 50 47 54 52 50
70 50 48 49 52 54
70 50 48 50 51 54
70 50 48 50 52 53
70 50 48 50 53 52
70 50 48 50 54 51
70 50 48 50 55 50
70 50 48 51 49 55
70 50 48 51 50 54
70 50 48 51 51 53
70 50 48 51 52 52
70 50 48 51 54 50
70 50 48 52 52 51
70 50 48 52 54 49
70 50 48 53 49 53
70 50 48 53 50 52
70 50 48 54 49 52
70 50 48 54 50 51
70 50 48 54 53 48
70 50 49 48 51 55
70 50 49 48 52 54
70 50 49 48 53 53
70 50 49 48 54 52
70 50 49 49 50 55
70 50 49 49 51 54
70 50 49 49 52 53
70 50 49 49 54 51
70 50 49 49 55 50
70 50 49 50 51 53
70 50 49 50 52 52
70 50 49 50 55 49
70 50 49 51 48 55
70 50 49 51 49 54
70 50 49 51 50 53
70 50 49 51 53 50
70 50 49 51 54 49
70 50 49 52 48 54
70 50 49 52 49 53
70 50 49 52 50 52
70 50 49 52 51 51
70 50 49 52 52 50
70 50 49 52 53 49
70 50 49 53 50 51
70 50 49 53 51 50
70 50 49 53 52 49
70 50 49 53 53 48
70 50 49 53 54 47
70 50 49 54 47 53
70 50 49 54 48 52
70 50 49 54 49 51
70 50 49 54 51 49
70 50 49 54 52 48
70 50 49 55 49 50
70 50 49 55 50 49
70 50 50 47 52 54
70 50 50 47 53 53
70 50 50 48 50 55
70 50 50 48 52 53
70 50 50 48 53 52
70 50 50 48 54 51
70 50 50 49 49 55
70 50 50 49 51 53
70 50 50 49 52 52
70 50 50 49 53 51
70 50 50 49 54 50
70 50 50 50 51 52
70 50 50 51 49 53
70 50 50 51 50 52
70 50 50 51 51 51
70 50 50 51 52 50
70 50 50 51 53 49
70 50 50 52 47 54
70 50 50 52 49 52
70 50 50 52 50 51
70 50 50 52 51 50
70 50 50 52 54 47
70 50 50 53 49 51
70 50 50 53 52 48
70 50 50 53 53 47
70 50 50 54 48 51
70 50 50 54 50 49
70 50 50 54 51 48
70 50 50 55 47 51
70 50 50 55 48 50
70 50 50 55 49 49
70 50 51 47 51 54
70 50 51 47 52 53
70 50 51 47 53 52
70 50 51 48 50 54
70 50 51 48 53 51
70 50 51 48 54 50
70 50 51 49 49 54
70 50 51 49 52 51
70 50 51 49 54 49
70 50 51 50 49 53
70 50 51 50 52 50
70 50 51 50 53 49
70 50 51 50 54 48
70 50 51 51 47 54
70 50 51 51 51 50
70 50 51 51 52 49
70 50 51 51 54 47
70 50 51 52 47 53
70 50 51 52 50 50
70 50 51 52 52 48
70 50 51 53 46 53
70 50 51 53 47 52
70 50 51 53 48 51
70 50 51 53 49 50
70 50 51 54 47 51
70 50 51 54 50 48
70 50 52 47 51 53
70 50 52 47 53 51
70 50 52 48 50 53
70 50 52 48 51 52
70 50 52 48 52 51
70 50 52 48 53 50
70 50 52 48 54 49
70 50 52 49 49 53
70 50 52 49 50 52
70 50 52 49 51 51
70 50 52 49 54 48
70 50 52 50 50 51
70 50 52 50 51 50
70 50 52 50 52 49
70 50 52 51 47 53
70 50 52 51 49 51
70 50 52 51 53 47
70 50 52 52 47 52
70 50 52 52 49 50
70 50 52 52 51 48
70 50 52 52 52 47
70 50 52 53 46 52
70 50 52 53 47 51
70 50 52 53 48 50
70 50 52 53 50 48
70 50 52 54 47 50
70 50 52 54 48 49
70 50 53 47 53 50
70 50 53 48 50 52
70 50 53 48 51 51
70 50 53 48 53 49
70 50 53 49 49 52
70 50 53 49 50 51
70 50 53 49 51 50
70 50 53 49 52 49
70 50 53 49 53 48
70 50 53 50 48 52
70 50 53 50 51 49
70 50 53 50 52 48
70 50 53 51 48 51
70 50 53 51 49 50
70 50 53 51 50 49
70 50 53 52 48 50
70 50 53 53 47 50
70 50 53 53 49 48
70 50 54 47 51 51
70 50 54 47 52 50
70 50 54 48 50 51
70 50 54 48 52 49
70 50 54 49 51 49
70 50 54 49 52 48
70 50 54 50 48 51
70 50 54 50 49 50
70 50 54 50 51 48
70 50 54 51 48 50
70 50 54 52 48 49
70 50 55 49 51 48
70 50 55 50 49 49
70 51 46 51 53 52
70 51 46 52 52 52
70 51 46 52 53 51
70 51 46 53 53 50
70 51 47 49 53 53
70 51 47 50 51 54
70 51 47 50 53 52
70 51 47 50 54 51
70 51 47 51 50 54
70 51 47 51 51 53
70 51 47 51 52 52
70 51 47 51 53 51
70 51 47 51 54 50
70 51 47 51 55 49
70 51 47 52 50 53
70 51 47 52 51 52
70 51 47 52 52 51
70 51 47 52 53 50
70 51 47 52 54 49
70 51 47 53 51 51
70 51 47 53 52 50
70 51 47 53 53 49
70 51 47 54 51 50
70 51 47 54 52 49
70 51 48 48 52 54
70 51 48 48 54 52
70 51 48 50 51 53
70 51 48 50 52 52
70 51 48 50 55 49
70 51 48 51 53 50
70 51 48 51 54 49
70 51 48 52 48 54
70 51 48 52 51 51
70 51 48 52 53 49
70 51 48 53 52 49
70 51 48 53 53 48
70 51 48 54 52 48
70 51 49 47 51 55
70 51 49 47 52 54
70 51 49 48 51 54
70 51 49 48 53 52
70 51 49 49 50 54
70 51 49 49 51 53
70 51 49 49 53 51
70 51 49 50 48 55
70 51 49 50 49 54
70 51 49 50 50 53
70 51 49 50 51 52
70 51 49 50 53 50
70 51 49 50 54 49
70 51 49 51 48 54
70 51 49 51 50 52
70 51 49 51 51 51
70 51 49 51 53 49
70 51 49 52 48 53
70 51 49 52 49 52
70 51 49 52 52 49
70 51 49 52 53 48
70 51 49 53 47 53
70 51 49 53 48 52
70 51 49 53 50 50
70 51 49 53 51 49
70 51 49 53 52 48
70 51 49 53 53 47
70 51 49 54 48 51
70 51 49 54 49 50
70 51 49 54 51 48
70 51 50 47 50 55
70 51 50 47 51 54
70 51 50 47 52 53
70 51 50 48 50 54
70 51 50 48 51 53
70 51 50 48 53 51
70 51 50 48 54 50
70 51 50 49 49 54
70 51 50 49 50 53
70 51 50 49 52 51
70 51 50 50 48 54
70 51 50 50 49 53
70 51 50 50 50 52
70 51 50 50 52 50
70 51 50 50 53 49
70 51 50 50 54 48
70 51 50 51 49 52
70 51 50 51 50 51
70 51 50 51 52 49
70 51 50 51 53 48
70 51 50 51 54 47
70 51 50 52 47 53
70 51 50 52 48 52
70 51 50 52 51 49
70 51 50 52 52 48
70 51 50 53 47 52
70 51 50 53 50 49
70 51 50 53 51 48
70 51 50 53 52 47
70 51 50 54 47 51
70 51 50 54 48 50
70 51 50 54 49 49
70 51 50 54 50 48
70 51 51 46 52 53
70 51 51 47 50 54
70 51 51 47 51 53
70 51 51 47 52 52
70 51 51 48 49 54
70 51 51 49 51 51
70 51 51 49 54 48
70 51 51 50 50 51
70 51 51 50 51 50
70 51 51 50 53 48
70 51 51 51 47 53
70 51 51 51 48 52
70 51 51 51 49 51
70 51 51 51 51 49
70 51 51 51 53 47
70 51 51 52 47 52
70 51 51 52 50 49
70 51 51 52 52 47
70 51 51 53 46 52
70 51 51 53 47 51
70 51 51 53 49 49
70 51 51 53 50 48
70 51 51 54 47 50
70 51 52 46 51 53
70 51 52 47 51 52
70 51 52 47 52 51
70 51 52 48 49 53
70 51 52 48 50 52
70 51 52 48 52 50
70 51 52 49 48 53
70 51 52 49 49 52
70 51 52 49 51 50
70 51 52 49 52 49
70 51 52 50 48 52
70 51 52 50 50 50
70 51 52 50 51 49
70 51 52 51 49 50
70 51 52 51 51 48
70 51 52 51 52 47
70 51 52 52 47 51
70 51 52 52 49 49
70 51 52 53 46 51
70 51 52 53 47 50
70 51 52 53 48 49
70 51 52 54 47 49
70 51 53 47 51 51
70 51 53 48 49 52
70 51 53 48 50 51
70 51 53 49 50 50
70 51 53 49 52 48
70 51 53 50 50 49
70 51 53 51 48 50
70 51 53 51 49 49
70 51 53 51 51 47
70 51 53 52 47 50
70 51 53 52 48 49
70 51 53 52 49 48
70 51 53 52 50 47
70 51 53 53 48 48
70 51 54 47 51 50
70 51 54 48 49 51
70 51 54 48 50 50
70 51 54 48 52 48
70 51 54 49 49 50
70 51 54 49 50 49
70 51 54 49 51 48
70 51 54 50 48 50
70 51 54 50 49 49
70 51 54 51 48 49
70 51 54 51 50 47
70 51 54 52 48 48
70 51 55 48 50 49
70 51 55 49 50 48
70 52 46 51 53 51
70 52 46 52 53 50
70 52 47 48 52 54
70 52 47 49 54 51
70 52 47 50 50 54
70 52 47 50 53 51
70 52 47 50 54 50
70 52 47 51 51 52
70 52 47 51 52 51
70 52 47 51 53 50
70 52 47 51 54 49
70 52 47 52 50 52
70 52 47 52 52 50
70 52 47 52 53 49
70 52 47 52 54 48
70 52 47 53 51 50
70 52 47 53 52 49
70 52 48 47 52 54
70 52 48 48 52 53
70 52 48 49 49 55
70 52 48 49 51 53
70 52 48 49 53 51
70 52 48 49 54 50
70 52 48 50 49 54
70 52 48 50 51 52
70 52 48 50 53 50
70 52 48 50 54 49
70 52 48 51 48 54
70 52 48 51 50 52
70 52 48 51 54 48
70 52 48 52 49 52
70 52 48 52 50 51
70 52 48 52 53 48
70 52 48 52 54 47
70 52 48 53 49 51
70 52 48 53 51 49
70 52 48 53 52 48
70 52 48 54 51 48
70 52 49 47 50 55
70 52 49 47 51 54
70 52 49 47 52 53
70 52 49 47 53 52
70 52 49 48 49 55
70 52 49 48 50 54
70 52 49 48 51 53
70 52 49 49 49 54
70 52 49 49 50 53
70 52 49 49 51 52
70 52 49 49 52 51
70 52 49 49 54 49
70 52 49 50 48 54
70 52 49 50 49 53
70 52 49 50 51 51
70 52 49 50 52 50
70 52 49 50 53 49
70 52 49 50 54 48
70 52 49 51 48 53
70 52 49 51 49 52
70 52 49 51 51 50
70 52 49 52 47 53
70 52 49 52 48 52
70 52 49 52 49 51
70 52 49 52 51 49
70 52 49 53 48 51
70 52 49 53 49 50
70 52 49 53 51 48
70 52 49 54 49 49
70 52 49 54 50 48
70 52 50 46 52 53
70 52 50 47 51 53
70 52 50 47 52 52
70 52 50 48 49 54
70 52 50 48 53 50
70 52 50 49 48 54
70 52 50 49 50 52
70 52 50 49 53 49
70 52 50 50 48 53
70 52 50 50 49 52
70 52 50 50 50 51
70 52 50 50 52 49
70 52 50 50 53 48
70 52 50 51 50 50
70 52 50 51 52 48
70 52 50 52 47 52
70 52 50 52 48 51
70 52 50 52 49 50
70 52 50 52 50 49
70 52 50 53 48 50
70 52 50 53 50 48
70 52 50 53 51 47
70 52 50 54 49 48
70 52 51 46 51 53
70 52 51 47 50 53
70 52 51 47 51 52
70 52 51 48 49 53
70 52 51 48 50 52
70 52 51 48 51 51
70 52 51 48 52 50
70 52 51 49 49 52
70 52 51 49 50 51
70 52 51 49 52 49
70 52 51 49 53 48
70 52 51 50 49 51
70 52 51 50 50 50
70 52 51 50 52 48
70 52 51 51 47 52
70 52 51 51 49 50
70 52 51 51 52 47
70 52 51 52 46 52
70 52 51 52 47 51
70 52 51 52 48 50
70 52 51 52 51 47
70 52 51 53 46 51
70 52 51 53 47 50
70 52 51 53 49 48
70 52 51 54 48 48
70 52 52 46 51 52
70 52 52 47 50 52
70 52 52 47 51 51
70 52 52 47 52 50
70 52 52 48 49 52
70 52 52 48 52 49
70 52 52 49 48 52
70 52 52 49 49 51
70 52 52 49 50 50
70 52 52 49 51 49
70 52 52 49 52 48
70 52 52 50 47 52
70 52 52 50 48 51
70 52 52 50 50 49
70 52 52 50 51 48
70 52 52 50 52 47
70 52 52 51 47 51
70 52 52 51 48 50
70 52 52 51 49 49
70 52 52 51 51 47
70 52 52 51 52 46
70 52 52 52 50 47
70 52 52 53 49 47
70 52 53 47 51 50
70 52 53 49 50 49
70 52 53 49 51 48
70 52 53 49 52 47
70 52 53 50 48 50
70 52 53 50 49 49
70 52 53 50 51 47
70 52 53 51 47 50
70 52 53 51 48 49
70 52 53 51 49 48
70 52 53 51 50 47
70 52 53 52 48 48
70 52 53 52 49 47
70 52 54 48 49 50
70 52 54 48 51 48
70 52 54 49 48 50
70 52 54 49 50 48
70 52 54 50 48 49
70 52 54 50 50 47
70 52 54 51 48 48
70 52 54 51 49 47
70 53 47 49 50 54
70 53 47 49 51 53
70 53 47 50 50 53
70 53 47 50 51 52
70 53 47 50 52 51
70 53 47 50 53 50
70 53 47 52 52 49
70 53 48 48 51 53
70 53 48 48 52 52
70 53 48 48 53 51
70 53 48 49 49 54
70 53 48 49 50 53
70 53 48 49 51 52
70 53 48 49 52 51
70 53 48 50 49 53
70 53 48 50 50 52
70 53 48 50 51 51
70 53 48 50 52 50
70 53 48 50 53 49
70 53 48 51 51 50
70 53 48 51 52 49
70 53 48 52 50 50
70 53 48 53 50 49
70 53 48 53 51 48
70 53 49 47 51 53
70 53 49 47 52 52
70 53 49 48 51 52
70 53 49 48 52 51
70 53 49 48 53 50
70 53 49 49 50 52
70 53 49 49 51 51
70 53 49 49 53 49
70 53 49 50 48 53
70 53 49 50 51 50
70 53 49 51 51 49
70 53 49 51 53 47
70 53 49 52 48 51
70 53 49 52 49 50
70 53 49 52 51 48
70 53 49 53 49 49
70 53 50 46 51 53
70 53 50 47 49 54
70 53 50 47 51 52
70 53 50 47 52 51
70 53 50 49 48 53
70 53 50 49 49 52
70 53 50 49 50 51
70 53 50 49 51 50
70 53 50 49 52 49
70 53 50 50 49 51
70 53 50 50 52 48
70 53 50 51 48 51
70 53 50 51 49 50
70 53 50 51 50 49
70 53 50 51 52 47
70 53 50 52 48 50
70 53 50 52 49 49
70 53 50 52 50 48
70 53 50 52 51 47
70 53 50 53 49 48
70 53 50 53 50 47
70 53 51 47 49 53
70 53 51 47 50 52
70 53 51 47 51 51
70 53 51 48 49 52
70 53 51 48 52 49
70 53 51 49 50 50
70 53 51 49 52 48
70 53 51 50 47 52
70 53 51 50 49 50
70 53 51 50 50 49
70 53 51 51 47 51
70 53 51 51 48 50
70 53 51 51 49 49
70 53 51 51 50 48
70 53 51 51 51 47
70 53 51 51 52 46
70 53 51 52 50 47
70 53 51 52 51 46
70 53 51 53 47 49
70 53 52 47 49 52
70 53 52 48 49 51
70 53 52 48 50 50
70 53 52 49 49 50
70 53 52 49 51 48
70 53 52 50 49 49
70 53 52 50 51 47
70 53 52 51 48 49
70 53 52 51 49 48
70 53 52 51 50 47
70 53 52 51 51 46
70 53 52 52 48 48
70 53 52 52 49 47
70 53 52 52 50 46
70 53 53 48 49 50
70 53 53 48 50 49
70 53 53 49 48 50
70 53 53 49 51 47
70 53 53 50 47 50
70 53 53 50 48 49
70 53 53 51 47 49
70 53 53 51 48 48
70 53 53 51 49 47
70 53 53 51 50 46
70 53 54 49 49 48
70 53 54 50 48 48
70 54 48 48 50 53
70 54 48 48 51 52
70 54 48 48 52 51
70 54 48 49 50 52
70 54 48 49 51 51
70 54 48 49 52 50
70 54 48 50 49 52
70 54 48 50 50 51
70 54 48 50 51 50
70 54 48 50 52 49
70 54 48 51 50 50
70 54 48 51 52 48
70 54 49 47 51 52
70 54 49 48 49 53
70 54 49 49 50 51
70 54 49 49 52 49
70 54 49 50 48 52
70 54 49 50 49 51
70 54 49 50 50 50
70 54 49 50 51 49
70 54 49 51 48 51
70 54 49 52 49 49
70 54 49 52 50 48
70 54 49 52 51 47
70 54 50 47 50 52
70 54 50 47 51 51
70 54 50 48 49 52
70 54 50 49 49 51
70 54 50 49 51 49
70 54 50 50 48 51
70 54 50 50 51 48
70 54 50 51 48 50
70 54 50 51 49 49
70 54 50 51 51 47
70 54 50 52 48 49
70 54 50 52 49 48
70 54 50 52 50 47
70 54 51 48 48 52
70 54 51 48 49 51
70 54 51 48 50 50
70 54 51 49 49 50
70 54 51 49 50 49
70 54 51 49 51 48
70 54 51 50 47 51
70 54 51 50 49 49
70 54 51 50 50 48
70 54 51 50 51 47
70 54 51 51 47 50
70 54 51 51 49 48
70 54 51 51 50 47
70 54 51 52 48 48
70 54 51 52 49 47
70 54 52 48 48 51
70 54 52 48 49 50
70 54 52 48 50 49
70 54 52 49 48 50
70 54 52 49 49 49
70 54 52 49 50 48
70 54 52 50 47 50
70 54 52 50 49 48
70 54 52 51 49 47
70 54 52 52 47 48
70 54 52 52 48 47
70 54 53 49 48 49
70 54 53 49 50 47
70 54 53 50 47 49
70 55 49 49 50 50
70 55 49 50 50 49
70 55 50 48 49 51
70 55 50 49 48 51
70 55 50 49 50 49
70 55 50 50 49 49
70 55 50 50 50 48
70 55 50 51 49 48
70 55 51 48 49 50
70 55 51 50 50 47
70 55 51 51 49 47
70 55 52 49 48 49
70 55 52 49 49 48
70 55 52 50 49 47
72 48 51 51 51 51
72 49 49 51 52 51
72 49 49 52 51 51
72 49 50 51 52 50
72 49 50 52 50 51
72 49 50 52 51 50
72 49 51 49 51 52
72 49 51 49 52 51
72 49 51 50 50 52
72 49 51 50 52 50
72 49 51 51 49 52
72 49 51 51 50 51
72 49 51 51 51 50
72 49 51 51 52 49
72 49 51 52 49 51
72 49 51 52 50 50
72 49 52 49 51 51
72 49 52 50 51 50
72 49 52 51 49 51
72 49 52 51 50 50
72 49 52 51 51 49
72 50 49 50 51 52
72 50 49 50 52 51
72 50 49 51 50 52
72 50 49 51 51 51
72 50 49 51 52 50
72 50 49 52 50 51
72 50 49 52 51 50
72 50 50 49 52 51
72 50 50 51 49 52
72 50 50 51 50 51
72 50 50 51 51 50
72 50 50 51 52 49
72 50 50 52 49 51
72 50 51 49 50 52
72 50 51 49 51 51
72 50 51 50 51 50
72 50 51 50 52 49
72 50 52 49 50 51
72 50 52 49 51 50
72 50 52 50 51 49
72 50 52 51 49 50
72 51 48 51 51 51
72 51 49 49 51 52
72 51 49 49 52 51
72 51 49 50 50 52
72 51 49 50 51 51
72 51 49 51 49 52
72 51 49 51 52 49
72 51 49 52 49 51
72 51 49 52 51 49
72 51 50 49 50 52
72 51 50 50 49 52
72 51 50 50 50 51
72 51 50 50 52 49
72 51 50 51 49 51
72 51 50 51 51 49
72 51 50 52 49 50
72 51 50 52 50 49
72 51 51 48 51 51
72 51 51 49 49 52
72 51 51 49 50 51
72 51 51 50 50 50
72 51 51 50 51 49
72 51 51 51 48 51
72 51 51 51 49 50
72 51 51 51 51 48
72 51 51 52 49 49
72 51 52 49 50 50
72 51 52 49 51 49
72 51 52 50 50 49
72 51 52 51 49 49
72 52 49 49 51 51
72 52 49 50 51 50
72 52 49 51 51 49
72 52 50 49 50 51
72 52 50 50 49 51
72 52 50 50 51 49
72 52 50 51 49 50
72 52 51 49 49 51
72 52 51 49 50 50
72 52 51 49 51 49
72 52 51 50 49 50
72 52 51 50 50 49
72 52 51 51 49 49
