100000011100110 23859
101000001100110 23859
101110001000100 23859
101110010100000 23859
100100010000111 23859
101100010100001 23859
101010010000011 23859
101010011000001 23859
001000011110010 23859
000110011010100 23859
001110011010000 23859
001010000110110 23859
000100010010111 23859
001100000110101 23859
001000001110101 23859
001010000010111 23859
101100000110010 23859
101110000010010 23859
100010001110100 23859
100010011110000 23859
101100001010001 23859
101000001010011 23859
100000010110011 23859
100110000010101 23859
001001011100010 23859
001111001000100 23859
000111010100100 23859
000011010100110 23859
001101000000111 23859
001101010000011 23859
000001011100101 23859
000011011000101 23859
100101011100000 23859
100111010000010 23859
100011011000010 23859
101011001100000 23859
100101011000001 23859
100001000100111 23859
101001000100011 23859
100111000000101 23859
000101000110110 23859
000101001110100 23859
000011001010110 23859
001011001110000 23859
000001001010111 23859
000001010110011 23859
000111010010001 23859
001111000010001 23859
001110100100010 23859
000010101100110 23859
000100111100001 23859
000000101100111 23859
000110110000101 23859
001110100000101 23859
001010110000011 23859
001010111000001 23859
101100110000010 23859
101100111000000 23859
100110100000011 23859
100110101000001 23859
001000111010010 23859
000100101110001 23859
100000111010100 23859
101000110110000 23859
100000101110010 23859
100000110010101 23859
001001111000010 23859
000111100100010 23859
101001100000110 23859
101001110100000 23859
100001101100010 23859
101011100000100 23859
000101110010100 23859
001101100010100 23859
000011101010010 23859
000011100110100 23859
000001101010011 23859
000001100110101 23859
000011110010001 23859
001011100010001 23859
011110000100010 23859
010110011100000 23859
011100000100101 23859
010000010100111 23859
011000010100011 23859
011000001100101 23859
010110011000001 23859
010010001000111 23859
111100001000100 23859
110010001000011 23859
011100000010110 23859
011000001010110 23859
010100000110011 23859
010000001110011 23859
110000011010100 23859
111010000010100 23859
110110001010000 23859
110000010010101 23859
011101001000100 23859
010111000100010 23859
110001010000110 23859
111001010000010 23859
110101001100000 23859
110011010100000 23859
110101001000001 23859
110001000100101 23859
111001000100001 23859
110011010000001 23859
011101010010000 23859
011001010110000 23859
011011000010100 23859
010111001010000 23859
011100110100000 23859
010000111100100 23859
011010100000110 23859
010010111000100 23859
010100100000111 23859
010100110000011 23859
011100101000001 23859
011000101000011 23859
110000101000110 23859
111010100100000 23859
110010101100000 23859
110010100000101 23859
010100111010000 23859
011010100110000 23859
010010101110000 23859
010000110110001 23859
111100100010000 23859
111000100010010 23859
110100100010001 23859
110000100010011 23859
010101100000110 23859
010101110000010 23859
010001110100100 23859
010011110000100 23859
011001100000101 23859
011001110000001 23859
010001101100001 23859
010011101000001 23859
111001101000000 23859
110011100000010 23859
011001101010000 23859
010101100110000 23859
000110010101100 23859
000010010101110 23859
001010001101100 23859
001010011101000 23859
001100000101011 23859
000100011101001 23859
001110000001011 23859
000010001001111 23859
100100010001110 23859
100010001001011 23859
000100010011110 23859
000100001111001 23859
101000001011100 23859
101000011011000 23859
100100000111010 23859
100110000011010 23859
100010000111100 23859
100010010111000 23859
101000000111001 23859
101010000011001 23859
000101011001100 23859
000001011001110 23859
000111001101000 23859
000011001101010 23859
101001000001110 23859
101011000001100 23859
100001010001101 23859
100101000001011 23859
001101010011000 23859
001001010111000 23859
000001010011101 23859
000101000011011 23859
001100110101000 23859
001000100101110 23859
000110110001010 23859
000110101001100 23859
001110101001000 23859
000010111001010 23859
001000100001111 23859
000000111001101 23859
100000101001110 23859
100000110101001 23859
100000100101011 23859
100010100001101 23859
000100101011100 23859
001100101011000 23859
001000100111100 23859
000010110011100 23859
001010110011000 23859
000010100111010 23859
001000100011101 23859
000010100011011 23859
100000110011010 23859
100000101011001 23859
001101100001010 23859
001011100101000 23859
000001110101001 23859
000001100101011 23859
100101110001000 23859
100001111001000 23859
100111100001000 23859
100011101001000 23859
000001110011010 23859
000101100111000 23859
010100000101110 23859
010100001101100 23859
010000011101010 23859
011000001101010 23859
011110010001000 23859
011010000001110 23859
011100010001001 23859
010000011001101 23859
110000011001010 23859
111000001001010 23859
110000010101100 23859
111000000101100 23859
111010010001000 23859
110110000101000 23859
111000010001001 23859
110100000101001 23859
010100011011000 23859
010000010111001 23859
010010000011101 23859
010110000011001 23859
110100000011100 23859
110000001011001 23859
011101000001010 23859
011011000101000 23859
010011000001101 23859
010111000001001 23859
110101000001100 23859
110011000001010 23859
010001000011110 23859
010001001011100 23859
010001000111010 23859
010001001111000 23859
