100001000010010001011 39337984
000101110000100001001 39337984
100010010000100001110 39337984
000100100010111000010 39337984
100001000011101000100 39337984
000111010001001000010 39337984
000010010001011100001 39337984
110000100001001000101 39337984
010111000010000100100 39337984
010000100001110100010 39337984
110100010010000100001 39337984
100010111000010000100 39337984
000100001001000101110 39337984
000011101000100100001 39337984
100100001000011101000 39337984
010010001011100001000 39337984
010001001000010000111 39337984
010000111010001001000 39337984
000010000111010001001 39337984
010001011100001000010 39337984
000100100001000011101 39337984
100001001000101110000 39337984
000010000100100010111 39337984
100100010111000010000 39337984
100001110100010010000 39337984
010000100100010111000 39337984
010010000100001110100 39337984
000100001110100010010 39337984
001110100010010000100 39337984
111000010000100100010 39337984
001001000101110000100 39337984
101110000100001001000 39337984
101000100100001000011 39337984
011101000100100001000 39337984
001000101110000100001 39337984
001000011101000100100 39337984
001011100001000010010 39337984
001000010010001011100 39337984
001000010000111010001 39337984
001001000010000111010 39337984
011100001000010010001 39337984
111010001001000010000 39337984
