57 45 48 47 48 48
57 45 48 47 49 47
57 45 48 48 48 47
57 45 49 46 48 48
57 45 49 47 48 47
57 46 46 48 47 49
57 46 46 48 48 48
57 46 46 48 49 47
57 46 46 49 48 47
57 46 47 46 48 49
57 46 47 46 49 48
57 46 47 47 47 49
57 46 47 47 48 48
57 46 47 47 49 47
57 46 47 48 47 48
57 46 47 48 48 47
57 46 47 49 46 48
57 46 47 49 47 47
57 46 47 49 48 46
57 46 48 46 47 49
57 46 48 47 46 49
57 46 48 47 47 48
57 46 48 47 48 47
57 46 48 47 49 46
57 46 48 48 48 46
57 46 48 49 45 48
57 46 48 49 46 47
57 46 49 46 47 48
57 46 49 46 48 47
57 46 49 47 46 48
57 46 49 47 48 46
57 46 49 48 46 47
57 47 45 48 48 48
57 47 45 48 49 47
57 47 45 49 48 47
57 47 46 46 48 49
57 47 46 46 49 48
57 47 46 47 47 49
57 47 46 48 46 49
57 47 46 48 47 48
57 47 46 48 48 47
57 47 46 48 49 46
57 47 46 49 46 48
57 47 46 49 47 47
57 47 47 46 48 48
57 47 47 46 49 47
57 47 47 47 46 49
57 47 47 47 49 46
57 47 47 48 45 49
57 47 47 48 46 48
57 47 47 48 48 46
57 47 47 49 45 48
57 47 47 49 47 46
57 47 48 46 48 47
57 47 48 46 49 46
57 47 48 47 46 48
57 47 48 47 48 46
57 47 48 48 45 48
57 47 48 48 46 47
57 47 48 48 47 46
57 47 48 49 46 46
57 47 49 46 47 47
57 47 49 47 46 47
57 47 49 47 47 46
57 47 49 48 46 46
57 48 45 48 48 47
57 48 45 48 49 46
57 48 46 45 48 49
57 48 46 46 47 49
57 48 46 46 49 47
57 48 46 47 47 48
57 48 46 47 48 47
57 48 46 47 49 46
57 48 46 48 46 48
57 48 46 48 47 47
57 48 46 49 47 46
57 48 47 45 47 49
57 48 47 45 48 48
57 48 47 46 46 49
57 48 47 46 47 48
57 48 47 46 48 47
57 48 47 47 46 48
57 48 47 48 45 48
57 48 47 48 47 46
57 48 47 49 46 46
57 48 48 45 47 48
57 48 48 46 46 48
57 48 48 46 47 47
57 48 48 46 48 46
57 48 48 47 46 47
57 48 48 47 47 46
57 48 48 47 48 45
57 48 48 48 47 45
57 48 49 46 46 47
57 48 49 46 47 46
57 48 49 47 47 45
57 49 46 46 48 47
57 49 46 47 46 48
57 49 46 47 47 47
57 49 46 47 48 46
57 49 46 48 47 46
57 49 47 45 47 48
57 49 47 46 46 48
57 49 47 46 47 47
57 49 47 47 46 47
57 49 47 48 46 46
57 49 48 46 47 46
57 49 48 47 46 46
57 49 48 47 47 45
57 49 48 48 46 45
59 44 47 48 49 47
59 44 47 49 46 49
59 44 47 49 48 47
59 44 47 50 46 48
59 44 48 47 49 47
59 44 48 47 50 46
59 44 48 48 46 49
59 44 48 48 47 48
59 44 48 48 48 47
59 44 48 48 49 46
59 44 48 49 45 49
59 44 48 49 46 48
59 44 49 46 47 49
59 44 49 46 48 48
59 44 49 46 49 47
59 44 49 47 46 49
59 44 49 47 47 48
59 44 49 47 49 46
59 44 49 48 46 48
59 44 50 45 48 48
59 44 50 45 49 47
59 44 50 46 47 48
59 44 50 46 48 47
59 44 50 46 49 46
59 44 50 47 47 47
59 45 45 50 47 48
59 45 45 50 48 47
59 45 46 47 48 49
59 45 46 47 49 48
59 45 46 47 50 47
59 45 46 48 47 49
59 45 46 49 47 48
59 45 46 49 49 46
59 45 46 50 45 49
59 45 46 50 46 48
59 45 46 50 48 46
59 45 47 46 48 49
59 45 47 46 49 48
59 45 47 46 50 47
59 45 47 47 46 50
59 45 47 47 50 46
59 45 47 48 45 50
59 45 47 48 46 49
59 45 47 48 47 48
59 45 47 48 48 47
59 45 47 48 49 46
59 45 47 48 50 45
59 45 47 49 46 48
59 45 47 49 48 46
59 45 47 50 44 49
59 45 47 50 45 48
59 45 48 45 48 49
59 45 48 45 49 48
59 45 48 45 50 47
59 45 48 46 47 49
59 45 48 46 48 48
59 45 48 46 49 47
59 45 48 46 50 46
59 45 48 47 47 48
59 45 48 47 48 47
59 45 48 47 49 46
59 45 48 47 50 45
59 45 48 48 45 49
59 45 48 48 46 48
59 45 48 48 47 47
59 45 48 48 48 46
59 45 48 49 45 48
59 45 48 49 46 47
59 45 48 50 44 48
59 45 48 50 45 47
59 45 49 44 49 48
59 45 49 45 48 48
59 45 49 46 46 49
59 45 49 46 49 46
59 45 49 47 46 48
59 45 49 47 48 46
59 45 49 48 45 48
59 45 49 48 46 47
59 45 49 48 47 46
59 45 50 45 47 48
59 45 50 45 48 47
59 45 50 45 49 46
59 45 50 46 47 47
59 45 50 46 48 46
59 45 50 47 46 47
59 45 50 47 47 46
59 46 44 49 48 48
59 46 44 49 49 47
59 46 44 49 50 46
59 46 44 50 48 47
59 46 45 47 49 48
59 46 45 47 50 47
59 46 45 48 46 50
59 46 45 48 47 49
59 46 45 48 48 48
59 46 45 48 49 47
59 46 45 48 50 46
59 46 45 49 46 49
59 46 45 49 47 48
59 46 45 49 48 47
59 46 45 49 49 46
59 46 45 49 50 45
59 46 45 50 47 47
59 46 45 50 48 46
59 46 46 45 49 49
59 46 46 46 49 48
59 46 46 46 50 47
59 46 46 47 46 50
59 46 46 47 48 48
59 46 46 48 45 50
59 46 46 48 46 49
59 46 46 48 47 48
59 46 46 48 48 47
59 46 46 48 50 45
59 46 46 49 45 49
59 46 46 49 47 47
59 46 46 49 48 46
59 46 46 50 44 49
59 46 46 50 45 48
59 46 46 50 47 46
59 46 47 44 49 49
59 46 47 45 47 50
59 46 47 45 48 49
59 46 47 45 50 47
59 46 47 46 46 50
59 46 47 46 47 49
59 46 47 46 48 48
59 46 47 46 50 46
59 46 47 47 45 50
59 46 47 47 47 48
59 46 47 47 48 47
59 46 47 47 49 46
59 46 47 48 45 49
59 46 47 48 46 48
59 46 47 48 48 46
59 46 47 48 49 45
59 46 47 49 44 49
59 46 47 49 46 47
59 46 47 49 48 45
59 46 47 50 44 48
59 46 47 50 45 47
59 46 48 44 48 49
59 46 48 44 49 48
59 46 48 45 47 49
59 46 48 45 48 48
59 46 48 45 49 47
59 46 48 46 46 49
59 46 48 46 47 48
59 46 48 46 48 47
59 46 48 46 49 46
59 46 48 46 50 45
59 46 48 47 45 49
59 46 48 47 46 48
59 46 48 47 47 47
59 46 48 47 48 46
59 46 48 48 45 48
59 46 48 48 46 47
59 46 48 48 47 46
59 46 48 49 44 48
59 46 48 49 47 45
59 46 48 50 44 47
59 46 49 44 48 48
59 46 49 44 49 47
59 46 49 45 47 48
59 46 49 45 48 47
59 46 49 46 47 47
59 46 49 46 49 45
59 46 49 47 45 48
59 46 49 47 46 47
59 46 49 48 45 47
59 46 49 48 46 46
59 46 49 48 47 45
59 46 49 49 44 47
59 46 49 49 45 46
59 46 50 44 48 47
59 46 50 45 48 46
59 46 50 47 46 46
59 46 50 47 47 45
59 47 44 47 50 47
59 47 44 48 47 49
59 47 44 48 48 48
59 47 44 48 50 46
59 47 44 49 47 48
59 47 44 49 48 47
59 47 44 49 49 46
59 47 44 49 50 45
59 47 45 45 48 50
59 47 45 46 48 49
59 47 45 46 49 48
59 47 45 46 50 47
59 47 45 47 48 48
59 47 45 47 50 46
59 47 45 48 45 50
59 47 45 48 47 48
59 47 45 48 48 47
59 47 45 48 50 45
59 47 45 49 48 46
59 47 45 50 46 47
59 47 45 50 47 46
59 47 45 50 48 45
59 47 46 44 48 50
59 47 46 44 49 49
59 47 46 45 47 50
59 47 46 45 49 48
59 47 46 46 47 49
59 47 46 46 48 48
59 47 46 46 49 47
59 47 46 47 45 50
59 47 46 47 46 49
59 47 46 47 48 47
59 47 46 47 49 46
59 47 46 48 44 50
59 47 46 48 45 49
59 47 46 48 46 48
59 47 46 48 47 47
59 47 46 48 48 46
59 47 46 48 49 45
59 47 46 48 50 44
59 47 46 49 44 49
59 47 46 49 45 48
59 47 46 49 48 45
59 47 46 49 49 44
59 47 46 50 45 47
59 47 46 50 46 46
59 47 46 50 47 45
59 47 47 44 47 50
59 47 47 44 48 49
59 47 47 45 46 50
59 47 47 45 48 48
59 47 47 46 45 50
59 47 47 46 47 48
59 47 47 46 48 47
59 47 47 47 46 48
59 47 47 47 47 47
59 47 47 48 44 49
59 47 47 48 45 48
59 47 47 48 46 47
59 47 47 48 47 46
59 47 47 48 48 45
59 47 47 49 46 46
59 47 47 50 44 47
59 47 47 50 45 46
59 47 48 44 48 48
59 47 48 45 46 49
59 47 48 45 47 48
59 47 48 45 48 47
59 47 48 45 49 46
59 47 48 46 45 49
59 47 48 46 46 48
59 47 48 46 48 46
59 47 48 46 49 45
59 47 48 47 46 47
59 47 48 47 47 46
59 47 48 47 48 45
59 47 48 47 49 44
59 47 48 48 45 47
59 47 48 48 46 46
59 47 48 49 44 47
59 47 48 49 45 46
59 47 48 49 46 45
59 47 49 45 48 46
59 47 49 46 45 48
59 47 49 46 47 46
59 47 49 46 48 45
59 47 49 47 48 44
59 47 49 48 46 45
59 47 49 49 44 46
59 47 50 45 48 45
59 47 50 46 46 46
59 47 50 46 47 45
59 47 50 47 45 46
59 47 50 47 46 45
59 48 44 46 47 50
59 48 44 46 48 49
59 48 44 46 49 48
59 48 44 47 48 48
59 48 44 47 49 47
59 48 44 47 50 46
59 48 44 48 49 46
59 48 44 48 50 45
59 48 45 44 48 50
59 48 45 45 47 50
59 48 45 45 48 49
59 48 45 45 49 48
59 48 45 46 46 50
59 48 45 46 47 49
59 48 45 46 48 48
59 48 45 46 49 47
59 48 45 47 45 50
59 48 45 47 46 49
59 48 45 47 47 48
59 48 45 47 48 47
59 48 45 47 50 45
59 48 45 48 48 46
59 48 45 48 49 45
59 48 45 49 46 47
59 48 45 49 47 46
59 48 45 49 48 45
59 48 45 49 49 44
59 48 46 44 47 50
59 48 46 44 48 49
59 48 46 45 46 50
59 48 46 45 48 48
59 48 46 45 49 47
59 48 46 46 47 48
59 48 46 46 48 47
59 48 46 47 45 49
59 48 46 47 46 48
59 48 46 47 47 47
59 48 46 47 48 46
59 48 46 47 49 45
59 48 46 48 44 49
59 48 46 48 45 48
59 48 46 48 46 47
59 48 46 48 47 46
59 48 46 48 48 45
59 48 46 48 49 44
59 48 46 49 45 47
59 48 46 49 46 46
59 48 46 49 48 44
59 48 47 45 46 49
59 48 47 45 47 48
59 48 47 45 49 46
59 48 47 46 46 48
59 48 47 46 47 47
59 48 47 46 48 46
59 48 47 47 44 49
59 48 47 47 45 48
59 48 47 47 47 46
59 48 47 47 48 45
59 48 47 48 44 48
59 48 47 48 45 47
59 48 47 48 46 46
59 48 47 48 47 45
59 48 47 48 48 44
59 48 47 49 45 46
59 48 47 49 46 45
59 48 48 44 47 48
59 48 48 45 46 48
59 48 48 45 47 47
59 48 48 46 46 47
59 48 48 46 47 46
59 48 48 46 48 45
59 48 48 47 45 47
59 48 48 47 46 46
59 48 48 47 47 45
59 48 48 47 48 44
59 48 48 48 44 47
59 48 48 48 45 46
59 48 48 48 46 45
59 48 48 49 44 46
59 48 48 49 45 45
59 48 49 44 47 47
59 48 49 45 46 47
59 48 49 46 45 47
59 48 49 46 46 46
59 48 49 46 47 45
59 48 49 46 48 44
59 48 49 47 45 46
59 48 49 47 46 45
59 48 49 47 47 44
59 48 49 48 44 46
59 48 49 48 45 45
59 48 50 45 46 46
59 48 50 45 47 45
59 48 50 46 46 45
59 48 50 46 47 44
59 48 50 47 45 45
59 49 44 45 48 49
59 49 44 46 47 49
59 49 44 46 48 48
59 49 44 46 49 47
59 49 44 47 49 46
59 49 45 44 47 50
59 49 45 45 46 50
59 49 45 45 48 48
59 49 45 46 47 48
59 49 45 46 49 46
59 49 45 47 46 48
59 49 45 47 48 46
59 49 45 48 46 47
59 49 45 48 47 46
59 49 45 48 48 45
59 49 46 44 46 50
59 49 46 44 47 49
59 49 46 45 46 49
59 49 46 45 47 48
59 49 46 45 48 47
59 49 46 46 45 49
59 49 46 46 46 48
59 49 46 46 48 46
59 49 46 47 45 48
59 49 46 47 47 46
59 49 46 47 48 45
59 49 46 48 47 45
59 49 46 48 48 44
59 49 46 49 46 45
59 49 46 49 47 44
59 49 47 44 46 49
59 49 47 44 47 48
59 49 47 45 46 48
59 49 47 45 48 46
59 49 47 46 46 47
59 49 47 46 48 45
59 49 47 47 44 48
59 49 47 47 46 46
59 49 47 48 45 46
59 49 47 48 47 44
59 49 47 49 46 44
59 49 48 44 46 48
59 49 48 44 47 47
59 49 48 45 46 47
59 49 48 46 45 47
59 49 48 46 47 45
59 49 48 47 45 46
59 49 48 48 44 46
59 49 48 48 45 45
59 49 48 48 46 44
59 49 49 45 46 46
59 49 49 46 46 45
59 49 49 46 47 44
59 49 49 47 44 46
59 49 49 47 46 44
59 49 49 48 44 45
59 50 45 45 47 48
59 50 45 46 47 47
59 50 46 45 46 48
59 50 46 45 47 47
59 50 46 46 45 48
59 50 46 46 46 47
59 50 46 46 47 46
59 50 46 47 47 45
59 50 47 44 46 48
59 50 47 45 45 48
59 50 47 45 46 47
59 50 47 45 47 46
59 50 47 46 47 45
59 50 47 47 46 45
59 50 47 47 47 44
59 50 47 48 45 45
59 50 47 48 46 44
59 50 48 45 45 47
59 50 48 46 45 46
59 50 48 46 46 45
59 50 48 47 44 46
59 50 48 47 45 45
59 50 48 47 46 44
59 50 48 48 45 44
59 50 49 46 45 45
59 50 49 46 46 44
59 50 49 47 45 44
61 43 47 48 48 48
61 43 47 49 46 49
61 43 47 49 47 48
61 43 47 49 48 47
61 43 48 46 49 48
61 43 48 46 50 47
61 43 48 47 47 49
61 43 48 47 48 48
61 43 48 48 49 46
61 43 48 49 46 48
61 43 48 50 45 48
61 43 49 46 47 49
61 43 49 46 48 48
61 43 49 46 49 47
61 43 49 47 46 49
61 43 49 47 47 48
61 43 49 47 48 47
61 43 49 47 49 46
61 43 49 48 45 49
61 43 49 48 46 48
61 43 49 48 47 47
61 43 49 49 45 48
61 43 49 49 46 47
61 43 50 46 47 48
61 43 50 46 48 47
61 43 50 47 46 48
61 43 50 47 48 46
61 43 50 48 46 47
61 43 51 45 48 47
61 43 51 46 47 47
61 43 51 46 48 46
61 44 45 50 47 48
61 44 45 50 48 47
61 44 46 47 49 48
61 44 46 47 50 47
61 44 46 48 47 49
61 44 46 48 48 48
61 44 46 48 49 47
61 44 46 49 46 49
61 44 46 49 47 48
61 44 46 49 48 47
61 44 46 49 49 46
61 44 46 50 46 48
61 44 46 50 47 47
61 44 46 50 48 46
61 44 46 51 45 48
61 44 46 51 46 47
61 44 47 46 48 49
61 44 47 46 49 48
61 44 47 46 50 47
61 44 47 46 51 46
61 44 47 47 46 50
61 44 47 47 47 49
61 44 47 47 48 48
61 44 47 47 49 47
61 44 47 47 50 46
61 44 47 48 45 50
61 44 47 48 46 49
61 44 47 48 47 48
61 44 47 48 48 47
61 44 47 48 49 46
61 44 47 48 50 45
61 44 47 49 44 50
61 44 47 49 46 48
61 44 47 49 47 47
61 44 47 50 44 49
61 44 47 50 46 47
61 44 47 50 47 46
61 44 47 51 44 48
61 44 47 51 45 47
61 44 48 45 49 48
61 44 48 45 50 47
61 44 48 46 46 50
61 44 48 46 47 49
61 44 48 46 48 48
61 44 48 46 49 47
61 44 48 46 50 46
61 44 48 46 51 45
61 44 48 47 45 50
61 44 48 47 48 47
61 44 48 47 49 46
61 44 48 47 50 45
61 44 48 48 45 49
61 44 48 48 46 48
61 44 48 48 47 47
61 44 48 48 48 46
61 44 48 48 49 45
61 44 48 49 44 49
61 44 48 49 45 48
61 44 48 49 46 47
61 44 48 49 47 46
61 44 48 50 44 48
61 44 48 50 45 47
61 44 49 44 48 49
61 44 49 44 49 48
61 44 49 44 50 47
61 44 49 45 47 49
61 44 49 45 49 47
61 44 49 45 50 46
61 44 49 46 46 49
61 44 49 46 47 48
61 44 49 46 49 46
61 44 49 46 50 45
61 44 49 47 45 49
61 44 49 47 46 48
61 44 49 48 45 48
61 44 49 49 44 48
61 44 49 49 45 47
61 44 49 49 46 46
61 44 50 44 48 48
61 44 50 44 49 47
61 44 50 45 48 47
61 44 50 45 49 46
61 44 50 46 46 48
61 44 50 46 47 47
61 44 50 46 49 45
61 44 50 47 45 48
61 44 50 48 45 47
61 44 50 48 46 46
61 44 51 44 48 47
61 44 51 45 47 47
61 44 51 45 48 46
61 44 51 46 47 46
61 45 44 49 48 48
61 45 44 49 50 46
61 45 44 50 47 48
61 45 44 50 48 47
61 45 44 50 49 46
61 45 44 51 48 46
61 45 45 47 48 49
61 45 45 47 49 48
61 45 45 47 51 46
61 45 45 48 47 49
61 45 45 48 49 47
61 45 45 48 50 46
61 45 45 48 51 45
61 45 45 49 45 50
61 45 45 49 48 47
61 45 45 49 49 46
61 45 45 49 50 45
61 45 45 50 45 49
61 45 45 50 46 48
61 45 45 50 48 46
61 45 45 50 49 45
61 45 45 51 45 48
61 45 45 51 46 47
61 45 46 45 49 49
61 45 46 46 47 50
61 45 46 46 48 49
61 45 46 46 50 47
61 45 46 47 45 51
61 45 46 47 47 49
61 45 46 47 48 48
61 45 46 47 49 47
61 45 46 47 50 46
61 45 46 47 51 45
61 45 46 48 45 50
61 45 46 48 47 48
61 45 46 48 48 47
61 45 46 48 49 46
61 45 46 48 50 45
61 45 46 49 44 50
61 45 46 49 45 49
61 45 46 49 46 48
61 45 46 49 47 47
61 45 46 49 48 46
61 45 46 50 44 49
61 45 46 50 45 48
61 45 46 50 47 46
61 45 46 51 44 48
61 45 46 51 45 47
61 45 46 51 46 46
61 45 47 44 48 50
61 45 47 44 49 49
61 45 47 44 50 48
61 45 47 45 47 50
61 45 47 45 48 49
61 45 47 45 49 48
61 45 47 45 51 46
61 45 47 46 46 50
61 45 47 46 48 48
61 45 47 46 49 47
61 45 47 47 47 48
61 45 47 48 44 50
61 45 47 48 47 47
61 45 47 48 50 44
61 45 47 49 44 49
61 45 47 49 45 48
61 45 47 49 46 47
61 45 47 49 48 45
61 45 47 50 44 48
61 45 47 50 45 47
61 45 47 50 46 46
61 45 47 51 43 48
61 45 47 51 44 47
61 45 48 43 49 49
61 45 48 44 47 50
61 45 48 44 48 49
61 45 48 44 49 48
61 45 48 44 50 47
61 45 48 45 46 50
61 45 48 45 47 49
61 45 48 45 48 48
61 45 48 45 50 46
61 45 48 46 46 49
61 45 48 46 48 47
61 45 48 46 49 46
61 45 48 46 50 45
61 45 48 47 45 49
61 45 48 47 47 47
61 45 48 47 48 46
61 45 48 47 49 45
61 45 48 47 50 44
61 45 48 48 44 49
61 45 48 48 45 48
61 45 48 48 46 47
61 45 48 48 47 46
61 45 48 49 45 47
61 45 48 49 46 46
61 45 48 49 47 45
61 45 49 43 48 49
61 45 49 44 47 49
61 45 49 44 48 48
61 45 49 45 47 48
61 45 49 45 48 47
61 45 49 45 49 46
61 45 49 45 50 45
61 45 49 46 45 49
61 45 49 46 46 48
61 45 49 46 47 47
61 45 49 46 48 46
61 45 49 46 49 45
61 45 49 47 45 48
61 45 49 47 46 47
61 45 49 47 47 46
61 45 49 47 48 45
61 45 49 48 45 47
61 45 49 48 46 46
61 45 49 48 47 45
61 45 49 49 44 47
61 45 50 43 48 48
61 45 50 44 47 48
61 45 50 45 47 47
61 45 50 45 48 46
61 45 50 45 49 45
61 45 50 46 47 46
61 45 50 46 48 45
61 45 50 47 45 47
61 45 50 48 45 46
61 45 51 44 47 47
61 45 51 44 48 46
61 45 51 45 47 46
61 45 51 45 48 45
61 45 51 46 46 46
61 45 51 46 47 45
61 46 43 48 50 47
61 46 43 48 51 46
61 46 43 49 48 48
61 46 43 49 49 47
61 46 44 46 49 49
61 46 44 46 50 48
61 46 44 47 47 50
61 46 44 47 48 49
61 46 44 47 51 46
61 46 44 48 46 50
61 46 44 48 48 48
61 46 44 48 51 45
61 46 44 49 46 49
61 46 44 49 47 48
61 46 44 49 48 47
61 46 44 49 49 46
61 46 44 49 50 45
61 46 44 50 47 47
61 46 44 50 48 46
61 46 44 50 49 45
61 46 44 51 47 46
61 46 45 45 50 48
61 46 45 46 46 51
61 46 45 46 47 50
61 46 45 46 48 49
61 46 45 46 49 48
61 46 45 46 51 46
61 46 45 47 46 50
61 46 45 47 48 48
61 46 45 47 49 47
61 46 45 47 50 46
61 46 45 47 51 45
61 46 45 48 44 51
61 46 45 48 45 50
61 46 45 48 46 49
61 46 45 48 48 47
61 46 45 48 49 46
61 46 45 48 50 45
61 46 45 48 51 44
61 46 45 49 44 50
61 46 45 49 45 49
61 46 45 49 46 48
61 46 45 49 48 46
61 46 45 49 49 45
61 46 45 50 44 49
61 46 45 50 45 48
61 46 45 50 46 47
61 46 45 50 48 45
61 46 45 51 45 47
61 46 45 51 47 45
61 46 46 44 48 50
61 46 46 44 49 49
61 46 46 44 50 48
61 46 46 45 46 51
61 46 46 45 48 49
61 46 46 45 49 48
61 46 46 45 50 47
61 46 46 46 46 50
61 46 46 46 47 49
61 46 46 46 48 48
61 46 46 46 49 47
61 46 46 46 50 46
61 46 46 46 51 45
61 46 46 47 44 51
61 46 46 47 46 49
61 46 46 47 47 48
61 46 46 47 48 47
61 46 46 47 51 44
61 46 46 48 44 50
61 46 46 48 45 49
61 46 46 48 46 48
61 46 46 48 48 46
61 46 46 48 49 45
61 46 46 48 50 44
61 46 46 49 44 49
61 46 46 49 45 48
61 46 46 49 47 46
61 46 46 49 49 44
61 46 46 50 45 47
61 46 46 50 46 46
61 46 46 51 43 48
61 46 46 51 44 47
61 46 46 51 45 46
61 46 47 43 48 50
61 46 47 43 49 49
61 46 47 44 48 49
61 46 47 44 50 47
61 46 47 45 47 49
61 46 47 46 45 50
61 46 47 46 46 49
61 46 47 46 48 47
61 46 47 46 49 46
61 46 47 46 50 45
61 46 47 47 44 50
61 46 47 47 45 49
61 46 47 47 46 48
61 46 47 47 49 45
61 46 47 47 50 44
61 46 47 48 43 50
61 46 47 48 44 49
61 46 47 48 45 48
61 46 47 48 46 47
61 46 47 48 47 46
61 46 47 48 48 45
61 46 47 48 49 44
61 46 47 49 43 49
61 46 47 49 45 47
61 46 47 49 46 46
61 46 47 49 47 45
61 46 47 49 48 44
61 46 47 50 43 48
61 46 47 50 44 47
61 46 47 50 46 45
61 46 47 51 43 47
61 46 48 43 47 50
61 46 48 43 48 49
61 46 48 44 46 50
61 46 48 44 48 48
61 46 48 44 49 47
61 46 48 45 46 49
61 46 48 45 47 48
61 46 48 46 46 48
61 46 48 46 47 47
61 46 48 46 48 46
61 46 48 46 49 45
61 46 48 46 50 44
61 46 48 47 44 49
61 46 48 47 45 48
61 46 48 47 47 46
61 46 48 47 48 45
61 46 48 47 49 44
61 46 48 48 43 49
61 46 48 48 44 48
61 46 48 48 46 46
61 46 48 48 47 45
61 46 48 48 48 44
61 46 48 49 43 48
61 46 48 49 44 47
61 46 48 49 45 46
61 46 48 49 46 45
61 46 48 50 43 47
61 46 48 50 44 46
61 46 49 43 47 49
61 46 49 43 48 48
61 46 49 43 49 47
61 46 49 44 46 49
61 46 49 44 47 48
61 46 49 44 48 47
61 46 49 44 49 46
61 46 49 45 46 48
61 46 49 45 47 47
61 46 49 45 48 46
61 46 49 46 45 48
61 46 49 46 46 47
61 46 49 46 48 45
61 46 49 46 49 44
61 46 49 47 44 48
61 46 49 47 46 46
61 46 49 47 47 45
61 46 49 47 48 44
61 46 49 48 44 47
61 46 49 48 45 46
61 46 49 48 47 44
61 46 49 49 43 47
61 46 49 49 44 46
61 46 49 49 45 45
61 46 50 44 47 47
61 46 50 44 48 46
61 46 50 45 46 47
61 46 50 45 48 45
61 46 50 46 45 47
61 46 50 46 46 46
61 46 50 46 47 45
61 46 50 47 45 46
61 46 50 47 46 45
61 46 50 47 47 44
61 46 50 48 44 46
61 46 51 44 47 46
61 46 51 45 46 46
61 46 51 45 47 45
61 47 43 46 49 49
61 47 43 46 50 48
61 47 43 47 49 48
61 47 43 47 51 46
61 47 43 48 47 49
61 47 43 48 49 47
61 47 43 48 50 46
61 47 43 48 51 45
61 47 43 49 49 46
61 47 43 50 48 46
61 47 44 45 47 51
61 47 44 45 48 50
61 47 44 45 49 49
61 47 44 45 50 48
61 47 44 46 46 51
61 47 44 46 47 50
61 47 44 46 48 49
61 47 44 47 46 50
61 47 44 47 47 49
61 47 44 47 48 48
61 47 44 47 50 46
61 47 44 47 51 45
61 47 44 48 45 50
61 47 44 48 46 49
61 47 44 48 47 48
61 47 44 48 48 47
61 47 44 48 50 45
61 47 44 48 51 44
61 47 44 49 46 48
61 47 44 49 47 47
61 47 44 49 48 46
61 47 44 49 49 45
61 47 44 49 50 44
61 47 44 50 46 47
61 47 44 50 47 46
61 47 44 50 48 45
61 47 44 50 49 44
61 47 45 44 47 51
61 47 45 44 49 49
61 47 45 45 46 51
61 47 45 45 47 50
61 47 45 45 48 49
61 47 45 45 49 48
61 47 45 45 50 47
61 47 45 46 45 51
61 47 45 46 47 49
61 47 45 46 48 48
61 47 45 46 49 47
61 47 45 47 46 49
61 47 45 47 47 48
61 47 45 47 48 47
61 47 45 47 49 46
61 47 45 47 50 45
61 47 45 47 51 44
61 47 45 48 44 50
61 47 45 48 45 49
61 47 45 48 46 48
61 47 45 48 48 46
61 47 45 48 49 45
61 47 45 49 45 48
61 47 45 49 46 47
61 47 45 49 47 46
61 47 45 50 46 46
61 47 45 50 48 44
61 47 46 43 47 51
61 47 46 43 48 50
61 47 46 43 49 49
61 47 46 44 46 51
61 47 46 44 47 50
61 47 46 44 48 49
61 47 46 44 49 48
61 47 46 45 45 51
61 47 46 45 46 50
61 47 46 45 47 49
61 47 46 45 50 46
61 47 46 46 45 50
61 47 46 46 47 48
61 47 46 46 49 46
61 47 46 46 50 45
61 47 46 47 44 50
61 47 46 47 48 46
61 47 46 47 49 45
61 47 46 47 50 44
61 47 46 48 44 49
61 47 46 48 45 48
61 47 46 48 46 47
61 47 46 48 47 46
61 47 46 48 49 44
61 47 46 49 43 49
61 47 46 49 45 47
61 47 46 49 46 46
61 47 46 49 48 44
61 47 46 49 49 43
61 47 46 50 43 48
61 47 46 50 46 45
61 47 46 50 47 44
61 47 47 43 48 49
61 47 47 43 49 48
61 47 47 44 49 47
61 47 47 45 46 49
61 47 47 45 47 48
61 47 47 45 48 47
61 47 47 45 49 46
61 47 47 46 44 50
61 47 47 46 45 49
61 47 47 46 46 48
61 47 47 46 48 46
61 47 47 46 50 44
61 47 47 47 44 49
61 47 47 47 48 45
61 47 47 47 49 44
61 47 47 48 44 48
61 47 47 48 45 47
61 47 47 48 47 45
61 47 47 48 48 44
61 47 47 48 49 43
61 47 47 49 43 48
61 47 47 49 45 46
61 47 47 49 47 44
61 47 47 50 45 45
61 47 48 43 47 49
61 47 48 44 47 48
61 47 48 44 48 47
61 47 48 44 49 46
61 47 48 45 45 49
61 47 48 45 46 48
61 47 48 45 47 47
61 47 48 45 48 46
61 47 48 45 49 45
61 47 48 46 44 49
61 47 48 46 45 48
61 47 48 46 46 47
61 47 48 47 44 48
61 47 48 47 45 47
61 47 48 47 46 46
61 47 48 47 48 44
61 47 48 47 49 43
61 47 48 48 43 48
61 47 48 48 46 45
61 47 48 48 47 44
61 47 48 48 48 43
61 47 48 49 43 47
61 47 48 49 44 46
61 47 48 49 45 45
61 47 48 49 46 44
61 47 48 50 43 46
61 47 48 50 44 45
61 47 49 43 48 47
61 47 49 44 46 48
61 47 49 44 47 47
61 47 49 44 48 46
61 47 49 45 45 48
61 47 49 45 47 46
61 47 49 46 45 47
61 47 49 46 46 46
61 47 49 46 48 44
61 47 49 47 44 47
61 47 49 47 46 45
61 47 49 47 47 44
61 47 49 48 43 47
61 47 49 48 45 45
61 47 49 48 46 44
61 47 49 49 43 46
61 47 49 49 44 45
61 47 50 44 46 47
61 47 50 44 47 46
61 47 50 44 48 45
61 47 50 45 46 46
61 47 50 45 48 44
61 47 50 46 47 44
61 47 50 47 44 46
61 47 50 47 46 44
61 47 50 48 44 45
61 47 51 46 45 45
61 47 51 46 46 44
61 48 43 45 48 50
61 48 43 45 49 49
61 48 43 46 48 49
61 48 43 46 49 48
61 48 43 46 50 47
61 48 43 47 47 49
61 48 43 47 49 47
61 48 43 47 50 46
61 48 43 48 47 48
61 48 43 48 48 47
61 48 43 48 49 46
61 48 43 49 48 46
61 48 44 44 47 51
61 48 44 44 48 50
61 48 44 44 49 49
61 48 44 45 46 51
61 48 44 45 48 49
61 48 44 45 49 48
61 48 44 45 50 47
61 48 44 46 46 50
61 48 44 46 47 49
61 48 44 46 48 48
61 48 44 46 49 47
61 48 44 46 50 46
61 48 44 47 45 50
61 48 44 47 46 49
61 48 44 47 47 48
61 48 44 47 49 46
61 48 44 48 46 48
61 48 44 48 47 47
61 48 44 48 48 46
61 48 44 48 50 44
61 48 44 49 46 47
61 48 44 49 47 46
61 48 44 49 48 45
61 48 44 49 49 44
61 48 45 43 47 51
61 48 45 44 46 51
61 48 45 44 47 50
61 48 45 45 45 51
61 48 45 45 46 50
61 48 45 45 47 49
61 48 45 45 48 48
61 48 45 45 49 47
61 48 45 46 45 50
61 48 45 46 46 49
61 48 45 46 49 46
61 48 45 47 44 50
61 48 45 47 46 48
61 48 45 47 47 47
61 48 45 47 49 45
61 48 45 47 50 44
61 48 45 48 44 49
61 48 45 48 46 47
61 48 45 48 47 46
61 48 45 48 48 45
61 48 45 48 49 44
61 48 45 48 50 43
61 48 45 49 45 47
61 48 45 49 47 45
61 48 45 49 48 44
61 48 45 50 47 44
61 48 46 43 46 51
61 48 46 43 47 50
61 48 46 43 48 49
61 48 46 44 48 48
61 48 46 44 49 47
61 48 46 45 45 50
61 48 46 45 46 49
61 48 46 45 47 48
61 48 46 45 48 47
61 48 46 45 49 46
61 48 46 46 45 49
61 48 46 46 46 48
61 48 46 46 47 47
61 48 46 46 48 46
61 48 46 46 49 45
61 48 46 47 44 49
61 48 46 47 46 47
61 48 46 47 48 45
61 48 46 47 49 44
61 48 46 48 43 49
61 48 46 48 44 48
61 48 46 48 45 47
61 48 46 48 46 46
61 48 46 48 48 44
61 48 46 48 49 43
61 48 46 49 45 46
61 48 46 49 46 45
61 48 46 50 44 46
61 48 46 50 45 45
61 48 46 50 46 44
61 48 47 43 46 50
61 48 47 43 47 49
61 48 47 43 48 48
61 48 47 44 47 48
61 48 47 44 48 47
61 48 47 45 45 49
61 48 47 45 46 48
61 48 47 45 48 46
61 48 47 45 49 45
61 48 47 46 44 49
61 48 47 46 45 48
61 48 47 46 47 46
61 48 47 46 48 45
61 48 47 46 49 44
61 48 47 47 44 48
61 48 47 47 45 47
61 48 47 47 46 46
61 48 47 47 47 45
61 48 47 47 48 44
61 48 47 48 44 47
61 48 47 48 45 46
61 48 47 49 43 47
61 48 47 49 45 45
61 48 47 49 46 44
61 48 47 49 47 43
61 48 47 50 43 46
61 48 47 50 44 45
61 48 48 43 48 47
61 48 48 44 46 48
61 48 48 44 47 47
61 48 48 44 48 46
61 48 48 45 47 46
61 48 48 46 44 48
61 48 48 46 45 47
61 48 48 46 46 46
61 48 48 46 47 45
61 48 48 46 48 44
61 48 48 47 43 48
61 48 48 47 44 47
61 48 48 47 46 45
61 48 48 47 47 44
61 48 48 48 44 46
61 48 48 48 45 45
61 48 48 48 46 44
61 48 48 48 47 43
61 48 48 49 43 46
61 48 48 49 44 45
61 48 49 43 47 47
61 48 49 44 47 46
61 48 49 45 45 47
61 48 49 45 46 46
61 48 49 45 47 45
61 48 49 45 48 44
61 48 49 46 44 47
61 48 49 46 46 45
61 48 49 46 47 44
61 48 49 46 48 43
61 48 49 47 44 46
61 48 49 47 46 44
61 48 49 48 44 45
61 48 49 48 45 44
61 48 49 48 46 43
61 48 49 49 43 45
61 48 50 44 46 46
61 48 50 44 47 45
61 48 50 45 46 45
61 48 50 45 47 44
61 48 50 46 45 45
61 48 50 46 46 44
61 48 50 47 44 45
61 48 50 47 45 44
61 48 50 47 46 43
61 48 51 45 46 44
61 49 43 45 49 48
61 49 43 46 47 49
61 49 43 46 49 47
61 49 43 47 48 47
61 49 43 47 49 46
61 49 44 44 47 50
61 49 44 44 48 49
61 49 44 45 48 48
61 49 44 45 49 47
61 49 44 46 46 49
61 49 44 46 47 48
61 49 44 46 49 46
61 49 44 47 46 48
61 49 44 47 47 47
61 49 44 47 48 46
61 49 44 47 49 45
61 49 44 48 47 46
61 49 44 48 49 44
61 49 45 44 46 50
61 49 45 44 47 49
61 49 45 44 48 48
61 49 45 45 45 50
61 49 45 45 46 49
61 49 45 45 48 47
61 49 45 45 49 46
61 49 45 46 48 46
61 49 45 47 45 48
61 49 45 47 46 47
61 49 45 47 48 45
61 49 45 47 49 44
61 49 45 48 45 47
61 49 45 48 46 46
61 49 45 48 47 45
61 49 45 48 48 44
61 49 45 48 49 43
61 49 45 49 46 45
61 49 45 49 47 44
61 49 45 49 48 43
61 49 46 43 47 49
61 49 46 43 48 48
61 49 46 44 45 50
61 49 46 44 46 49
61 49 46 44 47 48
61 49 46 44 48 47
61 49 46 45 45 49
61 49 46 45 46 48
61 49 46 45 47 47
61 49 46 46 44 49
61 49 46 46 45 48
61 49 46 46 46 47
61 49 46 46 47 46
61 49 46 46 48 45
61 49 46 46 49 44
61 49 46 47 46 46
61 49 46 47 47 45
61 49 46 47 49 43
61 49 46 48 44 47
61 49 46 48 45 46
61 49 46 48 46 45
61 49 46 48 47 44
61 49 46 48 48 43
61 49 46 49 44 46
61 49 46 49 46 44
61 49 46 49 47 43
61 49 47 43 46 49
61 49 47 44 46 48
61 49 47 44 47 47
61 49 47 44 48 46
61 49 47 45 45 48
61 49 47 45 47 46
61 49 47 45 48 45
61 49 47 46 44 48
61 49 47 46 45 47
61 49 47 46 47 45
61 49 47 47 43 48
61 49 47 47 44 47
61 49 47 47 45 46
61 49 47 47 46 45
61 49 47 47 48 43
61 49 47 48 44 46
61 49 47 48 45 45
61 49 47 48 46 44
61 49 47 48 47 43
61 49 47 49 43 46
61 49 47 49 44 45
61 49 47 49 45 44
61 49 47 49 46 43
61 49 48 43 46 48
61 49 48 44 45 48
61 49 48 44 46 47
61 49 48 44 47 46
61 49 48 45 46 46
61 49 48 45 47 45
61 49 48 46 44 47
61 49 48 46 45 46
61 49 48 46 46 45
61 49 48 47 43 47
61 49 48 47 44 46
61 49 48 47 45 45
61 49 48 47 47 43
61 49 48 48 43 46
61 49 48 48 44 45
61 49 48 48 46 43
61 49 48 49 43 45
61 49 48 49 44 44
61 49 49 44 46 46
61 49 49 45 46 45
61 49 49 46 44 46
61 49 49 46 45 45
61 49 49 46 46 44
61 49 49 46 47 43
61 49 49 47 43 46
61 49 49 47 45 44
61 49 49 47 46 43
61 49 49 48 44 44
61 49 50 45 45 45
61 49 50 45 46 44
61 49 50 46 45 44
61 49 50 47 44 44
61 50 44 44 47 49
61 50 44 45 47 48
61 50 44 45 48 47
61 50 44 46 47 47
61 50 44 46 48 46
61 50 45 44 46 49
61 50 45 44 47 48
61 50 45 45 45 49
61 50 45 45 46 48
61 50 45 46 47 46
61 50 45 46 48 45
61 50 45 47 46 46
61 50 45 47 47 45
61 50 45 47 48 44
61 50 45 48 47 44
61 50 46 43 47 48
61 50 46 44 45 49
61 50 46 44 46 48
61 50 46 44 47 47
61 50 46 45 45 48
61 50 46 45 47 46
61 50 46 46 44 48
61 50 46 46 45 47
61 50 46 46 46 46
61 50 46 46 48 44
61 50 46 47 44 47
61 50 46 47 45 46
61 50 46 47 48 43
61 50 46 48 46 44
61 50 46 48 47 43
61 50 47 44 45 48
61 50 47 44 46 47
61 50 47 44 47 46
61 50 47 45 44 48
61 50 47 45 46 46
61 50 47 46 44 47
61 50 47 46 46 45
61 50 47 47 44 46
61 50 47 47 45 45
61 50 47 47 46 44
61 50 47 48 44 45
61 50 47 48 46 43
61 50 48 44 45 47
61 50 48 45 44 47
61 50 48 45 45 46
61 50 48 45 46 45
61 50 48 46 44 46
61 50 48 46 45 45
61 50 48 46 47 43
61 50 48 47 45 44
61 50 48 47 46 43
61 50 48 48 43 45
61 50 48 48 44 44
61 50 49 45 45 45
61 50 49 45 46 44
61 50 49 46 45 44
61 50 49 47 44 44
61 51 45 45 46 47
61 51 46 44 45 48
61 51 46 44 46 47
61 51 46 46 45 46
61 51 46 46 46 45
61 51 47 45 45 46
61 51 47 45 46 45
61 51 47 46 44 46
61 51 47 46 45 45
61 51 47 46 46 44
61 51 47 47 44 45
61 51 47 47 45 44
61 51 47 47 46 43
61 51 48 45 45 45
61 51 48 46 44 45
61 51 48 46 45 44
61 51 48 46 46 43
61 51 48 47 44 44
61 51 48 47 45 43
63 42 48 47 48 48
63 42 48 47 49 47
63 42 48 48 48 47
63 42 48 49 46 48
63 42 49 46 48 48
63 42 49 47 47 48
63 42 49 47 48 47
63 42 49 47 49 46
63 42 49 48 46 48
63 42 49 48 47 47
63 42 50 45 48 48
63 42 50 45 49 47
63 42 50 46 47 48
63 42 50 46 48 47
63 42 50 46 49 46
63 42 50 47 46 48
63 42 50 47 47 47
63 42 51 45 48 47
63 43 46 48 49 47
63 43 46 48 50 46
63 43 46 49 46 49
63 43 46 49 48 47
63 43 46 49 49 46
63 43 46 50 45 49
63 43 46 50 46 48
63 43 46 50 47 47
63 43 46 51 45 48
63 43 47 46 48 49
63 43 47 46 49 48
63 43 47 46 50 47
63 43 47 47 48 48
63 43 47 47 50 46
63 43 47 48 46 49
63 43 47 48 49 46
63 43 47 48 50 45
63 43 47 49 48 46
63 43 47 50 45 48
63 43 47 50 46 47
63 43 47 51 44 48
63 43 48 45 48 49
63 43 48 45 49 48
63 43 48 46 46 50
63 43 48 46 47 49
63 43 48 46 49 47
63 43 48 47 45 50
63 43 48 47 48 47
63 43 48 47 49 46
63 43 48 47 50 45
63 43 48 48 45 49
63 43 48 48 46 48
63 43 48 48 47 47
63 43 48 48 49 45
63 43 48 49 44 49
63 43 48 49 45 48
63 43 48 49 46 47
63 43 49 44 48 49
63 43 49 44 49 48
63 43 49 44 50 47
63 43 49 45 48 48
63 43 49 45 50 46
63 43 49 46 46 49
63 43 49 46 47 48
63 43 49 46 48 47
63 43 49 46 50 45
63 43 49 47 48 46
63 43 49 48 45 48
63 43 49 48 47 46
63 43 49 49 44 48
63 43 50 44 49 47
63 43 50 44 50 46
63 43 50 45 47 48
63 43 50 45 48 47
63 43 50 45 49 46
63 43 50 45 50 45
63 43 50 46 46 48
63 43 50 46 47 47
63 43 50 46 48 46
63 43 50 47 46 47
63 43 50 47 47 46
63 43 50 47 48 45
63 43 50 48 45 47
63 43 51 44 49 46
63 43 51 45 48 46
63 43 51 46 46 47
63 43 51 46 47 46
63 44 44 49 48 48
63 44 44 49 50 46
63 44 44 50 47 48
63 44 44 50 48 47
63 44 45 47 49 48
63 44 45 48 46 50
63 44 45 48 47 49
63 44 45 48 49 47
63 44 45 48 50 46
63 44 45 48 51 45
63 44 45 49 45 50
63 44 45 49 46 49
63 44 45 49 47 48
63 44 45 49 49 46
63 44 45 50 44 50
63 44 45 50 45 49
63 44 45 50 46 48
63 44 45 50 47 47
63 44 45 51 45 48
63 44 45 51 46 47
63 44 45 51 47 46
63 44 46 45 50 48
63 44 46 46 49 48
63 44 46 46 50 47
63 44 46 46 51 46
63 44 46 47 46 50
63 44 46 47 47 49
63 44 46 47 49 47
63 44 46 47 50 46
63 44 46 48 45 50
63 44 46 48 46 49
63 44 46 48 47 48
63 44 46 48 48 47
63 44 46 48 49 46
63 44 46 48 50 45
63 44 46 49 47 47
63 44 46 49 48 46
63 44 46 49 49 45
63 44 46 50 43 50
63 44 46 50 44 49
63 44 46 50 45 48
63 44 46 50 46 47
63 44 46 50 47 46
63 44 46 50 48 45
63 44 46 51 43 49
63 44 46 51 44 48
63 44 46 51 46 46
63 44 47 44 49 49
63 44 47 44 50 48
63 44 47 45 49 48
63 44 47 45 50 47
63 44 47 45 51 46
63 44 47 46 46 50
63 44 47 46 47 49
63 44 47 46 48 48
63 44 47 46 50 46
63 44 47 46 51 45
63 44 47 47 46 49
63 44 47 47 47 48
63 44 47 47 49 46
63 44 47 48 44 50
63 44 47 48 46 48
63 44 47 48 47 47
63 44 47 48 49 45
63 44 47 48 50 44
63 44 47 49 43 50
63 44 47 49 45 48
63 44 47 49 47 46
63 44 47 49 48 45
63 44 47 50 43 49
63 44 47 50 44 48
63 44 47 50 45 47
63 44 47 50 47 45
63 44 47 51 44 47
63 44 48 44 48 49
63 44 48 44 49 48
63 44 48 44 50 47
63 44 48 45 47 49
63 44 48 45 48 48
63 44 48 45 49 47
63 44 48 45 50 46
63 44 48 45 51 45
63 44 48 46 45 50
63 44 48 46 47 48
63 44 48 46 48 47
63 44 48 46 49 46
63 44 48 47 44 50
63 44 48 47 45 49
63 44 48 47 47 47
63 44 48 47 48 46
63 44 48 47 49 45
63 44 48 47 50 44
63 44 48 48 44 49
63 44 48 48 46 47
63 44 48 48 49 44
63 44 48 49 43 49
63 44 48 49 44 48
63 44 48 49 45 47
63 44 48 49 46 46
63 44 48 49 47 45
63 44 48 50 45 46
63 44 49 43 48 49
63 44 49 43 49 48
63 44 49 44 47 49
63 44 49 44 48 48
63 44 49 45 46 49
63 44 49 45 47 48
63 44 49 45 49 46
63 44 49 45 50 45
63 44 49 46 45 49
63 44 49 46 47 47
63 44 49 46 48 46
63 44 49 46 49 45
63 44 49 47 44 49
63 44 49 47 45 48
63 44 49 47 46 47
63 44 49 47 47 46
63 44 49 48 44 48
63 44 49 48 46 46
63 44 49 48 47 45
63 44 49 49 43 48
63 44 49 49 44 47
63 44 49 49 45 46
63 44 50 44 48 47
63 44 50 44 49 46
63 44 50 44 50 45
63 44 50 45 48 46
63 44 50 46 45 48
63 44 50 46 46 47
63 44 50 46 49 44
63 44 50 47 46 46
63 44 51 43 48 47
63 44 51 44 47 47
63 44 51 44 48 46
63 44 51 45 46 47
63 44 51 45 48 45
63 44 51 46 46 46
63 44 51 46 47 45
63 45 43 48 50 47
63 45 43 49 48 48
63 45 43 50 47 48
63 45 43 50 48 47
63 45 43 50 49 46
63 45 43 50 50 45
63 45 44 47 47 50
63 45 44 47 48 49
63 45 44 47 49 48
63 45 44 47 51 46
63 45 44 48 46 50
63 45 44 48 47 49
63 45 44 48 51 45
63 45 44 49 46 49
63 45 44 49 47 48
63 45 44 49 48 47
63 45 44 49 49 46
63 45 44 50 46 48
63 45 44 50 49 45
63 45 44 50 50 44
63 45 44 51 45 48
63 45 44 51 47 46
63 45 44 51 48 45
63 45 45 45 48 50
63 45 45 45 50 48
63 45 45 46 46 51
63 45 45 46 47 50
63 45 45 46 48 49
63 45 45 46 49 48
63 45 45 46 50 47
63 45 45 46 51 46
63 45 45 48 44 51
63 45 45 48 47 48
63 45 45 48 48 47
63 45 45 48 49 46
63 45 45 48 51 44
63 45 45 49 44 50
63 45 45 49 46 48
63 45 45 49 48 46
63 45 45 49 50 44
63 45 45 50 43 50
63 45 45 50 49 44
63 45 45 51 44 48
63 45 45 51 46 46
63 45 46 44 48 50
63 45 46 44 49 49
63 45 46 44 50 48
63 45 46 45 46 51
63 45 46 45 49 48
63 45 46 45 50 47
63 45 46 45 51 46
63 45 46 46 45 51
63 45 46 46 46 50
63 45 46 46 47 49
63 45 46 46 48 48
63 45 46 46 51 45
63 45 46 47 44 51
63 45 46 47 45 50
63 45 46 47 47 48
63 45 46 47 48 47
63 45 46 47 51 44
63 45 46 48 44 50
63 45 46 48 47 47
63 45 46 48 48 46
63 45 46 48 49 45
63 45 46 48 50 44
63 45 46 49 43 50
63 45 46 49 44 49
63 45 46 49 45 48
63 45 46 49 49 44
63 45 46 50 43 49
63 45 46 50 44 48
63 45 46 50 45 47
63 45 46 50 46 46
63 45 46 50 48 44
63 45 46 51 43 48
63 45 46 51 46 45
63 45 47 43 50 48
63 45 47 44 48 49
63 45 47 44 49 48
63 45 47 45 46 50
63 45 47 45 50 46
63 45 47 46 45 50
63 45 47 46 46 49
63 45 47 46 47 48
63 45 47 46 48 47
63 45 47 46 49 46
63 45 47 46 51 44
63 45 47 47 44 50
63 45 47 47 46 48
63 45 47 47 48 46
63 45 47 47 50 44
63 45 47 48 44 49
63 45 47 48 45 48
63 45 47 48 46 47
63 45 47 48 48 45
63 45 47 48 49 44
63 45 47 49 48 44
63 45 47 50 42 49
63 45 47 50 43 48
63 45 47 50 46 45
63 45 47 51 42 48
63 45 47 51 44 46
63 45 48 43 47 50
63 45 48 43 48 49
63 45 48 43 49 48
63 45 48 44 50 46
63 45 48 45 45 50
63 45 48 45 46 49
63 45 48 45 47 48
63 45 48 45 48 47
63 45 48 46 44 50
63 45 48 46 45 49
63 45 48 46 47 47
63 45 48 46 49 45
63 45 48 47 44 49
63 45 48 47 48 45
63 45 48 48 43 49
63 45 48 48 44 48
63 45 48 48 45 47
63 45 48 48 46 46
63 45 48 49 43 48
63 45 48 49 44 47
63 45 48 49 46 45
63 45 48 50 42 48
63 45 48 50 43 47
63 45 48 50 45 45
63 45 49 43 48 48
63 45 49 44 46 49
63 45 49 44 47 48
63 45 49 44 48 47
63 45 49 44 50 45
63 45 49 45 48 46
63 45 49 46 48 45
63 45 49 46 49 44
63 45 49 47 46 46
63 45 49 47 48 44
63 45 49 48 43 48
63 45 49 48 44 47
63 45 49 48 45 46
63 45 49 48 46 45
63 45 49 48 47 44
63 45 49 49 44 46
63 45 50 43 48 47
63 45 50 43 49 46
63 45 50 44 46 48
63 45 50 44 47 47
63 45 50 44 48 46
63 45 50 44 49 45
63 45 50 45 45 48
63 45 50 45 47 46
63 45 50 46 46 46
63 45 50 46 48 44
63 45 50 47 45 46
63 45 50 47 46 45
63 45 50 48 45 45
63 45 51 43 48 46
63 45 51 44 48 45
63 45 51 45 48 44
63 45 51 46 45 46
63 45 51 46 46 45
63 46 42 49 49 47
63 46 42 49 50 46
63 46 43 47 49 48
63 46 43 47 50 47
63 46 43 47 51 46
63 46 43 48 47 49
63 46 43 48 49 47
63 46 43 48 50 46
63 46 43 48 51 45
63 46 43 49 46 49
63 46 43 49 47 48
63 46 43 49 48 47
63 46 43 49 50 45
63 46 43 49 51 44
63 46 43 50 46 48
63 46 43 50 47 47
63 46 43 50 49 45
63 46 43 50 50 44
63 46 44 45 48 50
63 46 44 45 49 49
63 46 44 46 46 51
63 46 44 46 48 49
63 46 44 46 49 48
63 46 44 46 50 47
63 46 44 46 51 46
63 46 44 47 45 51
63 46 44 47 46 50
63 46 44 47 47 49
63 46 44 47 49 47
63 46 44 48 46 49
63 46 44 48 48 47
63 46 44 48 49 46
63 46 44 48 50 45
63 46 44 48 51 44
63 46 44 49 45 49
63 46 44 49 46 48
63 46 44 49 47 47
63 46 44 49 48 46
63 46 44 49 49 45
63 46 44 49 50 44
63 46 44 50 44 49
63 46 44 50 45 48
63 46 44 50 46 47
63 46 44 50 47 46
63 46 44 50 48 45
63 46 44 51 46 46
63 46 44 51 47 45
63 46 45 44 47 51
63 46 45 44 49 49
63 46 45 45 49 48
63 46 45 45 50 47
63 46 45 45 51 46
63 46 45 46 45 51
63 46 45 46 46 50
63 46 45 46 48 48
63 46 45 46 49 47
63 46 45 46 50 46
63 46 45 47 44 51
63 46 45 47 50 45
63 46 45 48 45 49
63 46 45 48 46 48
63 46 45 48 47 47
63 46 45 48 49 45
63 46 45 48 50 44
63 46 45 48 51 43
63 46 45 49 43 50
63 46 45 49 44 49
63 46 45 49 45 48
63 46 45 49 47 46
63 46 45 49 50 43
63 46 45 50 47 45
63 46 45 50 48 44
63 46 45 51 44 47
63 46 45 51 45 46
63 46 45 51 46 45
63 46 46 43 47 51
63 46 46 43 48 50
63 46 46 43 49 49
63 46 46 43 50 48
63 46 46 44 46 51
63 46 46 44 47 50
63 46 46 44 50 47
63 46 46 45 45 51
63 46 46 45 46 50
63 46 46 45 49 47
63 46 46 45 50 46
63 46 46 45 51 45
63 46 46 46 44 51
63 46 46 46 46 49
63 46 46 46 48 47
63 46 46 46 49 46
63 46 46 46 50 45
63 46 46 46 51 44
63 46 46 47 44 50
63 46 46 47 45 49
63 46 46 47 48 46
63 46 46 47 50 44
63 46 46 48 44 49
63 46 46 48 46 47
63 46 46 48 50 43
63 46 46 49 44 48
63 46 46 49 46 46
63 46 46 49 48 44
63 46 46 49 49 43
63 46 46 50 42 49
63 46 46 50 43 48
63 46 46 50 45 46
63 46 46 50 46 45
63 46 46 50 47 44
63 46 46 51 43 47
63 46 46 51 44 46
63 46 46 51 45 45
63 46 47 42 48 50
63 46 47 43 47 50
63 46 47 44 46 50
63 46 47 44 47 49
63 46 47 44 49 47
63 46 47 44 50 46
63 46 47 45 45 50
63 46 47 45 46 49
63 46 47 45 48 47
63 46 47 46 44 50
63 46 47 46 46 48
63 46 47 46 47 47
63 46 47 46 50 44
63 46 47 47 43 50
63 46 47 47 45 48
63 46 47 47 46 47
63 46 47 47 48 45
63 46 47 47 49 44
63 46 47 47 50 43
63 46 47 48 43 49
63 46 47 48 44 48
63 46 47 48 45 47
63 46 47 48 47 45
63 46 47 48 48 44
63 46 47 49 43 48
63 46 47 49 44 47
63 46 47 49 46 45
63 46 47 49 47 44
63 46 47 50 42 48
63 46 47 50 43 47
63 46 47 50 44 46
63 46 47 51 43 46
63 46 48 42 48 49
63 46 48 43 48 48
63 46 48 43 49 47
63 46 48 44 46 49
63 46 48 44 47 48
63 46 48 44 48 47
63 46 48 44 49 46
63 46 48 44 50 45
63 46 48 45 45 49
63 46 48 45 46 48
63 46 48 45 47 47
63 46 48 45 50 44
63 46 48 46 44 49
63 46 48 46 45 48
63 46 48 46 47 46
63 46 48 46 48 45
63 46 48 46 49 44
63 46 48 47 43 49
63 46 48 47 44 48
63 46 48 47 45 47
63 46 48 47 46 46
63 46 48 47 47 45
63 46 48 47 48 44
63 46 48 47 49 43
63 46 48 48 44 47
63 46 48 48 46 45
63 46 48 49 42 48
63 46 48 49 43 47
63 46 48 50 42 47
63 46 48 50 43 46
63 46 48 50 44 45
63 46 49 42 48 48
63 46 49 43 47 48
63 46 49 43 49 46
63 46 49 44 46 48
63 46 49 44 49 45
63 46 49 45 45 48
63 46 49 45 48 45
63 46 49 45 49 44
63 46 49 46 45 47
63 46 49 46 46 46
63 46 49 46 48 44
63 46 49 46 49 43
63 46 49 47 43 48
63 46 49 47 44 47
63 46 49 47 45 46
63 46 49 47 47 44
63 46 49 47 48 43
63 46 49 48 43 47
63 46 49 48 45 45
63 46 49 48 46 44
63 46 49 49 43 46
63 46 49 49 44 45
63 46 50 43 47 47
63 46 50 43 48 46
63 46 50 44 47 46
63 46 50 44 48 45
63 46 50 45 45 47
63 46 50 45 46 46
63 46 50 45 48 44
63 46 50 46 45 46
63 46 50 46 47 44
63 46 50 46 48 43
63 46 50 47 44 46
63 46 50 47 45 45
63 46 50 47 46 44
63 46 50 48 43 46
63 46 50 48 44 45
63 46 50 48 45 44
63 46 51 44 46 46
63 46 51 44 47 45
63 46 51 45 45 46
63 46 51 45 46 45
63 46 51 46 45 45
63 46 51 46 46 44
63 47 42 47 49 48
63 47 42 47 50 47
63 47 42 48 48 48
63 47 42 48 49 47
63 47 42 48 50 46
63 47 42 48 51 45
63 47 42 49 48 47
63 47 42 49 50 45
63 47 43 45 50 48
63 47 43 46 47 50
63 47 43 46 48 49
63 47 43 46 50 47
63 47 43 46 51 46
63 47 43 47 46 50
63 47 43 47 48 48
63 47 43 47 50 46
63 47 43 48 46 49
63 47 43 48 48 47
63 47 43 48 49 46
63 47 43 48 50 45
63 47 43 49 46 48
63 47 43 49 48 46
63 47 43 49 50 44
63 47 43 50 47 46
63 47 43 50 49 44
63 47 44 44 47 51
63 47 44 44 49 49
63 47 44 45 47 50
63 47 44 45 48 49
63 47 44 46 45 51
63 47 44 46 46 50
63 47 44 46 48 48
63 47 44 46 49 47
63 47 44 46 50 46
63 47 44 46 51 45
63 47 44 47 45 50
63 47 44 47 46 49
63 47 44 47 47 48
63 47 44 47 48 47
63 47 44 47 49 46
63 47 44 47 51 44
63 47 44 48 44 50
63 47 44 48 46 48
63 47 44 48 48 46
63 47 44 48 50 44
63 47 44 48 51 43
63 47 44 49 45 48
63 47 44 49 46 47
63 47 44 49 48 45
63 47 44 50 46 46
63 47 44 50 47 45
63 47 44 50 48 44
63 47 45 43 48 50
63 47 45 44 48 49
63 47 45 44 49 48
63 47 45 45 46 50
63 47 45 45 48 48
63 47 45 46 47 48
63 47 45 47 46 48
63 47 45 47 48 46
63 47 45 47 50 44
63 47 45 48 43 50
63 47 45 48 44 49
63 47 45 48 45 48
63 47 45 48 46 47
63 47 45 48 47 46
63 47 45 48 48 45
63 47 45 48 49 44
63 47 45 48 50 43
63 47 45 50 43 48
63 47 45 50 45 46
63 47 45 50 46 45
63 47 46 42 48 50
63 47 46 43 46 51
63 47 46 43 47 50
63 47 46 43 48 49
63 47 46 43 49 48
63 47 46 44 45 51
63 47 46 44 47 49
63 47 46 44 48 48
63 47 46 44 49 47
63 47 46 45 47 48
63 47 46 45 48 47
63 47 46 45 49 46
63 47 46 45 50 45
63 47 46 46 44 50
63 47 46 46 46 48
63 47 46 46 47 47
63 47 46 47 43 50
63 47 46 47 44 49
63 47 46 47 45 48
63 47 46 47 47 46
63 47 46 47 48 45
63 47 46 47 50 43
63 47 46 48 43 49
63 47 46 48 44 48
63 47 46 48 46 46
63 47 46 48 47 45
63 47 46 48 48 44
63 47 46 49 42 49
63 47 46 49 43 48
63 47 46 49 44 47
63 47 46 49 45 46
63 47 46 49 46 45
63 47 46 49 47 44
63 47 46 49 48 43
63 47 46 50 43 47
63 47 46 50 44 46
63 47 46 50 45 45
63 47 46 50 46 44
63 47 47 42 47 50
63 47 47 42 48 49
63 47 47 43 46 50
63 47 47 44 46 49
63 47 47 44 47 48
63 47 47 44 48 47
63 47 47 44 49 46
63 47 47 45 48 46
63 47 47 45 50 44
63 47 47 46 44 49
63 47 47 46 45 48
63 47 47 46 49 44
63 47 47 47 46 46
63 47 47 47 48 44
63 47 47 48 42 49
63 47 47 48 43 48
63 47 47 48 44 47
63 47 47 48 46 45
63 47 47 48 47 44
63 47 47 49 42 48
63 47 47 49 44 46
63 47 47 49 46 44
63 47 47 50 42 47
63 47 47 50 43 46
63 47 48 42 47 49
63 47 48 43 46 49
63 47 48 43 47 48
63 47 48 44 45 49
63 47 48 44 47 47
63 47 48 44 48 46
63 47 48 44 49 45
63 47 48 45 44 49
63 47 48 45 47 46
63 47 48 45 48 45
63 47 48 45 49 44
63 47 48 46 45 47
63 47 48 46 47 45
63 47 48 46 49 43
63 47 48 47 43 48
63 47 48 47 44 47
63 47 48 47 45 46
63 47 48 47 46 45
63 47 48 48 42 48
63 47 48 48 46 44
63 47 48 48 47 43
63 47 48 49 42 47
63 47 48 49 44 45
63 47 48 49 46 43
63 47 48 50 42 46
63 47 49 44 45 48
63 47 49 44 46 47
63 47 49 44 47 46
63 47 49 44 48 45
63 47 49 45 48 44
63 47 49 46 44 47
63 47 49 46 46 45
63 47 49 46 47 44
63 47 49 46 48 43
63 47 49 47 44 46
63 47 49 48 44 45
63 47 49 48 45 44
63 47 49 48 46 43
63 47 49 49 44 44
63 47 50 43 47 46
63 47 50 44 45 47
63 47 50 44 46 46
63 47 50 44 47 45
63 47 50 44 48 44
63 47 50 45 48 43
63 47 50 46 44 46
63 47 50 46 45 45
63 47 50 46 46 44
63 47 50 46 47 43
63 47 50 47 45 44
63 47 50 47 46 43
63 47 50 48 43 45
63 47 50 48 44 44
63 47 51 44 46 45
63 47 51 45 46 44
63 47 51 46 45 44
63 48 42 46 48 49
63 48 42 46 49 48
63 48 42 46 50 47
63 48 42 47 49 47
63 48 42 47 50 46
63 48 42 48 48 47
63 48 42 48 49 46
63 48 42 48 50 45
63 48 43 44 47 51
63 48 43 44 49 49
63 48 43 45 46 51
63 48 43 45 47 50
63 48 43 45 48 49
63 48 43 45 49 48
63 48 43 46 46 50
63 48 43 46 48 48
63 48 43 46 50 46
63 48 43 47 49 46
63 48 43 47 50 45
63 48 43 48 47 47
63 48 43 48 49 45
63 48 43 49 47 46
63 48 43 49 48 45
63 48 43 49 49 44
63 48 44 43 49 49
63 48 44 44 46 51
63 48 44 44 47 50
63 48 44 44 48 49
63 48 44 44 49 48
63 48 44 45 45 51
63 48 44 45 46 50
63 48 44 45 47 49
63 48 44 45 49 47
63 48 44 45 50 46
63 48 44 46 45 50
63 48 44 46 47 48
63 48 44 47 44 50
63 48 44 47 45 49
63 48 44 47 46 48
63 48 44 47 47 47
63 48 44 47 48 46
63 48 44 47 49 45
63 48 44 48 44 49
63 48 44 48 47 46
63 48 44 48 48 45
63 48 44 48 49 44
63 48 44 49 45 47
63 48 44 49 46 46
63 48 44 49 47 45
63 48 44 49 48 44
63 48 44 49 49 43
63 48 44 50 46 45
63 48 44 50 47 44
63 48 45 42 47 51
63 48 45 42 48 50
63 48 45 43 46 51
63 48 45 43 47 50
63 48 45 43 48 49
63 48 45 43 49 48
63 48 45 44 45 51
63 48 45 44 46 50
63 48 45 44 48 48
63 48 45 45 44 51
63 48 45 45 46 49
63 48 45 45 47 48
63 48 45 45 50 45
63 48 45 46 44 50
63 48 45 46 45 49
63 48 45 46 47 47
63 48 45 46 50 44
63 48 45 47 43 50
63 48 45 47 44 49
63 48 45 47 45 48
63 48 45 47 46 47
63 48 45 47 47 46
63 48 45 47 48 45
63 48 45 47 49 44
63 48 45 48 43 49
63 48 45 48 46 46
63 48 45 48 49 43
63 48 45 49 44 47
63 48 45 49 45 46
63 48 45 49 46 45
63 48 45 49 47 44
63 48 45 49 48 43
63 48 45 50 45 45
63 48 45 50 46 44
63 48 45 50 47 43
63 48 46 42 47 50
63 48 46 42 48 49
63 48 46 43 46 50
63 48 46 43 47 49
63 48 46 43 49 47
63 48 46 44 46 49
63 48 46 44 47 48
63 48 46 44 48 47
63 48 46 45 44 50
63 48 46 45 45 49
63 48 46 45 47 47
63 48 46 45 48 46
63 48 46 45 49 45
63 48 46 46 43 50
63 48 46 46 44 49
63 48 46 46 45 48
63 48 46 46 47 46
63 48 46 46 48 45
63 48 46 46 49 44
63 48 46 47 43 49
63 48 46 47 48 44
63 48 46 47 49 43
63 48 46 48 45 46
63 48 46 48 48 43
63 48 46 48 49 42
63 48 46 49 43 47
63 48 46 49 44 46
63 48 46 49 45 45
63 48 46 50 46 43
63 48 47 42 47 49
63 48 47 42 48 48
63 48 47 43 45 50
63 48 47 43 46 49
63 48 47 43 47 48
63 48 47 43 48 47
63 48 47 44 46 48
63 48 47 45 44 49
63 48 47 45 45 48
63 48 47 45 46 47
63 48 47 45 47 46
63 48 47 45 49 44
63 48 47 46 43 49
63 48 47 46 44 48
63 48 47 46 45 47
63 48 47 46 46 46
63 48 47 47 44 47
63 48 47 47 45 46
63 48 47 47 46 45
63 48 47 47 47 44
63 48 47 47 48 43
63 48 47 48 42 48
63 48 47 48 43 47
63 48 47 48 44 46
63 48 47 48 45 45
63 48 47 48 46 44
63 48 47 49 42 47
63 48 47 49 45 44
63 48 47 49 46 43
63 48 47 50 43 45
63 48 48 42 47 48
63 48 48 44 47 46
63 48 48 45 45 47
63 48 48 45 46 46
63 48 48 45 47 45
63 48 48 46 44 47
63 48 48 46 47 44
63 48 48 47 44 46
63 48 48 47 45 45
63 48 48 47 46 44
63 48 48 47 47 43
63 48 48 47 48 42
63 48 48 48 43 46
63 48 48 48 45 44
63 48 48 48 47 42
63 48 48 49 42 46
63 48 48 49 43 45
63 48 48 49 44 44
63 48 48 49 45 43
63 48 49 43 46 47
63 48 49 43 47 46
63 48 49 44 45 47
63 48 49 44 46 46
63 48 49 44 48 44
63 48 49 45 44 47
63 48 49 45 46 45
63 48 49 45 47 44
63 48 49 45 48 43
63 48 49 46 44 46
63 48 49 46 46 44
63 48 49 46 47 43
63 48 49 47 43 46
63 48 49 47 45 44
63 48 49 47 46 43
63 48 49 47 47 42
63 48 49 48 43 45
63 48 49 48 44 44
63 48 49 48 45 43
63 48 50 44 45 46
63 48 50 44 47 44
63 48 50 45 44 46
63 48 50 45 47 43
63 48 50 46 44 45
63 48 50 46 45 44
63 48 50 47 44 44
63 48 51 45 45 44
63 49 43 44 48 49
63 49 43 45 46 50
63 49 43 45 48 48
63 49 43 46 46 49
63 49 43 46 47 48
63 49 43 46 49 46
63 49 43 47 48 46
63 49 43 48 47 46
63 49 43 48 48 45
63 49 43 48 49 44
63 49 44 43 46 51
63 49 44 43 47 50
63 49 44 43 48 49
63 49 44 44 46 50
63 49 44 44 48 48
63 49 44 44 49 47
63 49 44 45 45 50
63 49 44 45 48 47
63 49 44 45 49 46
63 49 44 46 45 49
63 49 44 46 46 48
63 49 44 46 47 47
63 49 44 46 49 45
63 49 44 47 45 48
63 49 44 47 46 47
63 49 44 47 47 46
63 49 44 47 48 45
63 49 44 47 49 44
63 49 44 48 48 44
63 49 44 48 49 43
63 49 44 49 47 44
63 49 45 42 47 50
63 49 45 43 46 50
63 49 45 43 48 48
63 49 45 44 46 49
63 49 45 44 47 48
63 49 45 44 48 47
63 49 45 45 48 46
63 49 45 46 44 49
63 49 45 46 47 46
63 49 45 46 48 45
63 49 45 46 49 44
63 49 45 47 44 48
63 49 45 47 46 46
63 49 45 48 44 47
63 49 45 48 45 46
63 49 45 48 47 44
63 49 45 48 48 43
63 49 45 49 46 44
63 49 46 42 46 50
63 49 46 43 47 48
63 49 46 43 48 47
63 49 46 44 44 50
63 49 46 44 45 49
63 49 46 44 46 48
63 49 46 44 48 46
63 49 46 45 44 49
63 49 46 45 45 48
63 49 46 45 46 47
63 49 46 45 48 45
63 49 46 46 43 49
63 49 46 46 44 48
63 49 46 46 46 46
63 49 46 46 47 45
63 49 46 46 48 44
63 49 46 47 43 48
63 49 46 47 44 47
63 49 46 47 47 44
63 49 46 48 44 46
63 49 46 48 48 42
63 49 46 49 44 45
63 49 46 49 45 44
63 49 46 49 46 43
63 49 47 42 46 49
63 49 47 42 47 48
63 49 47 43 46 48
63 49 47 44 45 48
63 49 47 44 46 47
63 49 47 44 47 46
63 49 47 44 48 45
63 49 47 45 48 44
63 49 47 46 43 48
63 49 47 46 44 47
63 49 47 46 47 44
63 49 47 46 48 43
63 49 47 47 46 44
63 49 47 47 48 42
63 49 47 48 43 46
63 49 47 48 44 45
63 49 47 48 45 44
63 49 47 48 46 43
63 49 47 48 47 42
63 49 47 49 44 44
63 49 48 43 45 48
63 49 48 43 46 47
63 49 48 43 47 46
63 49 48 44 44 48
63 49 48 44 45 47
63 49 48 44 46 46
63 49 48 44 47 45
63 49 48 45 44 47
63 49 48 45 45 46
63 49 48 45 46 45
63 49 48 46 45 45
63 49 48 46 46 44
63 49 48 46 47 43
63 49 48 47 44 45
63 49 48 47 46 43
63 49 48 47 47 42
63 49 48 48 42 46
63 49 48 48 43 45
63 49 48 48 44 44
63 49 48 48 45 43
63 49 48 48 46 42
63 49 48 49 43 44
63 49 48 49 44 43
63 49 49 43 46 46
63 49 49 44 45 46
63 49 49 44 46 45
63 49 49 45 44 46
63 49 49 45 46 44
63 49 49 46 43 46
63 49 49 46 45 44
63 49 49 46 47 42
63 49 49 48 43 44
63 49 49 48 44 43
63 49 50 45 44 45
63 49 50 45 45 44
63 49 50 45 46 43
63 49 50 46 45 43
63 49 50 47 44 43
63 50 43 45 48 47
63 50 43 46 48 46
63 50 44 43 46 50
63 50 44 43 47 49
63 50 44 44 45 50
63 50 44 44 47 48
63 50 44 44 48 47
63 50 44 45 45 49
63 50 44 45 46 48
63 50 44 45 48 46
63 50 44 46 45 48
63 50 44 46 46 47
63 50 44 46 47 46
63 50 45 43 45 50
63 50 45 43 46 49
63 50 45 44 45 49
63 50 45 44 46 48
63 50 45 44 47 47
63 50 45 44 48 46
63 50 45 45 46 47
63 50 45 45 47 46
63 50 45 45 48 45
63 50 45 46 44 48
63 50 45 46 46 46
63 50 45 46 47 45
63 50 45 47 44 47
63 50 45 47 45 46
63 50 45 47 48 43
63 50 45 48 45 45
63 50 45 48 46 44
63 50 46 43 45 49
63 50 46 43 47 47
63 50 46 44 46 47
63 50 46 44 47 46
63 50 46 45 47 45
63 50 46 46 44 47
63 50 46 46 45 46
63 50 46 46 46 45
63 50 46 46 47 44
63 50 46 47 46 44
63 50 46 47 47 43
63 50 46 48 44 45
63 50 46 48 46 43
63 50 46 48 47 42
63 50 47 43 45 48
63 50 47 43 46 47
63 50 47 44 44 48
63 50 47 44 46 46
63 50 47 45 44 47
63 50 47 46 43 47
63 50 47 46 44 46
63 50 47 46 45 45
63 50 47 46 47 43
63 50 47 47 43 46
63 50 47 47 44 45
63 50 47 47 46 43
63 50 47 47 47 42
63 50 47 48 45 43
63 50 47 48 46 42
63 50 48 43 45 47
63 50 48 43 46 46
63 50 48 44 44 47
63 50 48 44 45 46
63 50 48 44 46 45
63 50 48 45 44 46
63 50 48 45 47 43
63 50 48 46 43 46
63 50 48 46 44 45
63 50 48 46 45 44
63 50 48 46 46 43
63 50 48 47 43 45
63 50 48 47 44 44
63 50 48 47 45 43
63 50 48 47 46 42
63 50 48 48 45 42
63 50 49 44 46 44
63 50 49 45 44 45
63 50 49 46 43 45
63 50 49 46 44 44
63 50 49 46 45 43
63 50 49 46 46 42
63 50 49 47 44 43
63 50 49 47 45 42
63 50 50 45 44 44
63 50 50 45 45 43
63 50 50 46 44 43
63 51 45 44 45 48
63 51 45 44 46 47
63 51 45 45 46 46
63 51 45 46 45 46
63 51 45 46 46 45
63 51 46 44 45 47
63 51 46 44 46 46
63 51 46 45 44 47
63 51 46 45 45 46
63 51 46 45 46 45
63 51 46 46 44 46
63 51 46 46 46 44
63 51 46 47 45 44
63 51 46 47 46 43
63 51 47 45 44 46
63 51 47 45 46 44
63 51 47 46 46 43
63 51 47 47 44 44
63 51 48 44 45 45
63 51 48 45 44 45
63 51 48 45 45 44
63 51 48 46 43 45
63 51 48 46 44 44
63 51 48 46 45 43
63 51 48 47 43 44
63 51 48 47 45 42
63 51 49 46 44 43
65 42 48 47 47 48
65 42 48 47 48 47
65 42 49 45 49 47
65 42 49 46 47 48
65 42 49 46 49 46
65 42 49 48 46 47
65 42 50 45 48 47
65 42 50 46 48 46
65 43 45 50 47 47
65 43 46 47 47 49
65 43 46 47 48 48
65 43 46 47 50 46
65 43 46 48 47 48
65 43 46 49 45 49
65 43 46 49 46 48
65 43 46 49 48 46
65 43 46 50 44 49
65 43 46 50 45 48
65 43 46 50 46 47
65 43 46 50 47 46
65 43 47 45 49 48
65 43 47 45 50 47
65 43 47 46 47 49
65 43 47 46 48 48
65 43 47 46 50 46
65 43 47 47 48 47
65 43 47 47 50 45
65 43 47 48 45 49
65 43 47 48 46 48
65 43 47 48 47 47
65 43 47 48 48 46
65 43 47 48 49 45
65 43 47 49 45 48
65 43 47 49 46 47
65 43 47 49 47 46
65 43 47 50 44 48
65 43 48 45 48 48
65 43 48 45 49 47
65 43 48 45 50 46
65 43 48 46 46 49
65 43 48 46 49 46
65 43 48 47 45 49
65 43 48 47 46 48
65 43 48 47 47 47
65 43 48 47 49 45
65 43 48 48 44 49
65 43 48 48 45 48
65 43 48 48 46 47
65 43 48 48 47 46
65 43 48 48 48 45
65 43 48 49 45 47
65 43 49 44 48 48
65 43 49 44 50 46
65 43 49 45 48 47
65 43 49 45 49 46
65 43 49 45 50 45
65 43 49 46 45 49
65 43 49 46 46 48
65 43 49 46 48 46
65 43 49 46 49 45
65 43 49 47 45 48
65 43 49 47 46 47
65 43 49 47 47 46
65 43 49 47 48 45
65 43 49 48 45 47
65 43 49 48 46 46
65 43 50 44 47 48
65 43 50 44 48 47
65 43 50 44 49 46
65 43 50 45 46 48
65 43 50 45 47 47
65 43 50 45 48 46
65 43 50 45 49 45
65 43 50 46 46 47
65 43 50 46 47 46
65 43 50 46 48 45
65 43 50 47 46 46
65 43 51 44 48 46
65 44 44 48 48 48
65 44 44 48 49 47
65 44 44 49 46 49
65 44 44 49 47 48
65 44 44 49 48 47
65 44 44 49 49 46
65 44 44 49 50 45
65 44 44 50 46 48
65 44 44 50 47 47
65 44 44 50 48 46
65 44 45 46 48 49
65 44 45 47 46 50
65 44 45 47 47 49
65 44 45 47 48 48
65 44 45 47 49 47
65 44 45 47 50 46
65 44 45 47 51 45
65 44 45 48 45 50
65 44 45 48 46 49
65 44 45 48 47 48
65 44 45 48 48 47
65 44 45 48 50 45
65 44 45 49 44 50
65 44 45 49 47 47
65 44 45 49 49 45
65 44 45 50 44 49
65 44 45 50 47 46
65 44 45 50 48 45
65 44 45 51 45 47
65 44 45 51 46 46
65 44 46 45 47 50
65 44 46 45 48 49
65 44 46 46 46 50
65 44 46 46 47 49
65 44 46 46 48 48
65 44 46 46 49 47
65 44 46 46 50 46
65 44 46 46 51 45
65 44 46 47 45 50
65 44 46 47 46 49
65 44 46 47 48 47
65 44 46 47 50 45
65 44 46 48 46 48
65 44 46 48 47 47
65 44 46 48 48 46
65 44 46 48 50 44
65 44 46 49 43 50
65 44 46 49 45 48
65 44 46 49 46 47
65 44 46 49 47 46
65 44 46 49 49 44
65 44 46 50 43 49
65 44 46 50 44 48
65 44 46 50 45 47
65 44 46 50 47 45
65 44 46 51 43 48
65 44 46 51 44 47
65 44 47 44 49 48
65 44 47 44 50 47
65 44 47 45 46 50
65 44 47 45 47 49
65 44 47 45 48 48
65 44 47 45 49 47
65 44 47 46 45 50
65 44 47 46 47 48
65 44 47 46 48 47
65 44 47 46 50 45
65 44 47 47 44 50
65 44 47 47 45 49
65 44 47 47 46 48
65 44 47 47 47 47
65 44 47 47 50 44
65 44 47 48 44 49
65 44 47 48 45 48
65 44 47 48 46 47
65 44 47 48 47 46
65 44 47 48 48 45
65 44 47 48 49 44
65 44 47 49 44 48
65 44 47 49 46 46
65 44 47 49 47 45
65 44 47 50 43 48
65 44 47 50 44 47
65 44 47 50 45 46
65 44 48 43 49 48
65 44 48 44 49 47
65 44 48 45 47 48
65 44 48 45 48 47
65 44 48 45 49 46
65 44 48 45 50 45
65 44 48 46 45 49
65 44 48 46 48 46
65 44 48 46 50 44
65 44 48 47 44 49
65 44 48 47 45 48
65 44 48 47 47 46
65 44 48 47 48 45
65 44 48 47 49 44
65 44 48 48 45 47
65 44 48 48 46 46
65 44 48 48 48 44
65 44 48 49 43 48
65 44 48 49 45 46
65 44 48 49 46 45
65 44 48 50 43 47
65 44 49 44 46 49
65 44 49 44 48 47
65 44 49 44 50 45
65 44 49 45 45 49
65 44 49 45 46 48
65 44 49 45 47 47
65 44 49 45 48 46
65 44 49 46 45 48
65 44 49 46 46 47
65 44 49 46 47 46
65 44 49 46 48 45
65 44 49 46 49 44
65 44 49 47 45 47
65 44 49 47 46 46
65 44 49 47 47 45
65 44 49 47 48 44
65 44 49 48 45 46
65 44 49 48 46 45
65 44 49 49 44 46
65 44 50 43 48 47
65 44 50 43 49 46
65 44 50 44 47 47
65 44 50 44 48 46
65 44 50 44 49 45
65 44 50 45 46 47
65 44 50 45 48 45
65 44 50 45 49 44
65 44 50 46 47 45
65 44 50 47 46 45
65 44 51 44 47 46
65 44 51 45 46 46
65 45 43 48 48 48
65 45 43 48 49 47
65 45 43 48 50 46
65 45 43 49 47 48
65 45 43 49 48 47
65 45 43 49 49 46
65 45 43 49 50 45
65 45 43 50 47 47
65 45 43 50 49 45
65 45 44 46 48 49
65 45 44 46 49 48
65 45 44 46 50 47
65 45 44 47 46 50
65 45 44 47 47 49
65 45 44 47 49 47
65 45 44 47 50 46
65 45 44 48 45 50
65 45 44 48 47 48
65 45 44 48 48 47
65 45 44 48 49 46
65 45 44 48 50 45
65 45 44 49 45 49
65 45 44 49 50 44
65 45 44 50 44 49
65 45 44 50 45 48
65 45 44 50 46 47
65 45 44 50 47 46
65 45 44 50 48 45
65 45 44 50 49 44
65 45 44 51 45 47
65 45 44 51 46 46
65 45 45 44 49 49
65 45 45 45 48 49
65 45 45 45 50 47
65 45 45 46 45 51
65 45 45 46 46 50
65 45 45 46 48 48
65 45 45 46 50 46
65 45 45 46 51 45
65 45 45 47 46 49
65 45 45 47 48 47
65 45 45 47 51 44
65 45 45 48 44 50
65 45 45 48 45 49
65 45 45 48 47 47
65 45 45 48 48 46
65 45 45 48 49 45
65 45 45 49 43 50
65 45 45 49 45 48
65 45 45 49 47 46
65 45 45 49 48 45
65 45 45 50 43 49
65 45 45 50 44 48
65 45 45 50 46 46
65 45 45 50 48 44
65 45 45 51 45 46
65 45 45 51 46 45
65 45 46 43 49 49
65 45 46 44 48 49
65 45 46 44 49 48
65 45 46 44 50 47
65 45 46 45 46 50
65 45 46 45 47 49
65 45 46 45 48 48
65 45 46 45 50 46
65 45 46 45 51 45
65 45 46 46 45 50
65 45 46 46 46 49
65 45 46 46 47 48
65 45 46 46 48 47
65 45 46 46 49 46
65 45 46 46 50 45
65 45 46 46 51 44
65 45 46 47 46 48
65 45 46 47 47 47
65 45 46 47 48 46
65 45 46 48 43 50
65 45 46 48 44 49
65 45 46 48 45 48
65 45 46 48 46 47
65 45 46 49 43 49
65 45 46 49 44 48
65 45 46 49 45 47
65 45 46 49 46 46
65 45 46 49 47 45
65 45 46 49 48 44
65 45 46 50 43 48
65 45 46 50 45 46
65 45 46 50 46 45
65 45 46 50 47 44
65 45 46 51 44 46
65 45 47 43 48 49
65 45 47 43 49 48
65 45 47 44 47 49
65 45 47 44 48 48
65 45 47 44 49 47
65 45 47 44 50 46
65 45 47 45 45 50
65 45 47 45 47 48
65 45 47 46 46 48
65 45 47 46 49 45
65 45 47 46 50 44
65 45 47 47 43 50
65 45 47 47 44 49
65 45 47 47 46 47
65 45 47 47 47 46
65 45 47 47 48 45
65 45 47 47 49 44
65 45 47 47 50 43
65 45 47 48 43 49
65 45 47 48 44 48
65 45 47 48 45 47
65 45 47 48 46 46
65 45 47 48 48 44
65 45 47 49 42 49
65 45 47 49 43 48
65 45 47 49 44 47
65 45 47 49 45 46
65 45 47 49 47 44
65 45 47 50 42 48
65 45 47 50 43 47
65 45 47 50 44 46
65 45 48 43 47 49
65 45 48 43 48 48
65 45 48 43 49 47
65 45 48 44 46 49
65 45 48 44 47 48
65 45 48 44 48 47
65 45 48 44 50 45
65 45 48 45 46 48
65 45 48 45 47 47
65 45 48 45 48 46
65 45 48 45 49 45
65 45 48 45 50 44
65 45 48 46 45 48
65 45 48 46 48 45
65 45 48 47 43 49
65 45 48 47 44 48
65 45 48 47 45 47
65 45 48 47 46 46
65 45 48 47 47 45
65 45 48 47 48 44
65 45 48 48 43 48
65 45 48 48 44 47
65 45 48 48 45 46
65 45 48 48 46 45
65 45 48 48 47 44
65 45 48 49 44 46
65 45 48 49 45 45
65 45 48 49 46 44
65 45 48 50 43 46
65 45 49 43 47 48
65 45 49 43 48 47
65 45 49 43 49 46
65 45 49 44 46 48
65 45 49 44 48 46
65 45 49 45 45 48
65 45 49 45 46 47
65 45 49 45 47 46
65 45 49 45 48 45
65 45 49 45 49 44
65 45 49 46 44 48
65 45 49 46 45 47
65 45 49 47 44 47
65 45 49 47 47 44
65 45 49 49 44 45
65 45 50 43 48 46
65 45 50 44 46 47
65 45 50 44 47 46
65 45 50 45 46 46
65 45 50 45 48 44
65 45 50 46 44 47
65 45 50 46 45 46
65 45 50 46 46 45
65 45 50 46 47 44
65 45 50 47 44 46
65 45 50 47 45 45
65 45 51 44 47 45
65 45 51 45 46 45
65 45 51 45 47 44
65 46 42 48 50 46
65 46 42 49 49 46
65 46 43 46 49 48
65 46 43 46 50 47
65 46 43 47 46 50
65 46 43 47 47 49
65 46 43 47 48 48
65 46 43 47 49 47
65 46 43 47 50 46
65 46 43 48 46 49
65 46 43 48 47 48
65 46 43 48 49 46
65 46 43 48 50 45
65 46 43 48 51 44
65 46 43 49 48 46
65 46 43 49 49 45
65 46 43 49 50 44
65 46 43 50 46 47
65 46 43 50 47 46
65 46 43 50 48 45
65 46 43 50 49 44
65 46 44 44 49 49
65 46 44 45 47 50
65 46 44 45 48 49
65 46 44 45 49 48
65 46 44 46 45 51
65 46 44 46 47 49
65 46 44 46 48 48
65 46 44 46 49 47
65 46 44 46 51 45
65 46 44 47 45 50
65 46 44 47 46 49
65 46 44 47 47 48
65 46 44 47 48 47
65 46 44 47 49 46
65 46 44 47 51 44
65 46 44 48 44 50
65 46 44 48 46 48
65 46 44 48 48 46
65 46 44 48 49 45
65 46 44 48 50 44
65 46 44 49 44 49
65 46 44 49 48 45
65 46 44 49 50 43
65 46 44 50 45 47
65 46 44 50 46 46
65 46 45 43 48 50
65 46 45 44 46 51
65 46 45 44 47 50
65 46 45 44 48 49
65 46 45 44 50 47
65 46 45 45 45 51
65 46 45 45 46 50
65 46 45 45 47 49
65 46 45 45 48 48
65 46 45 45 50 46
65 46 45 46 44 51
65 46 45 46 45 50
65 46 45 46 46 49
65 46 45 46 47 48
65 46 45 46 48 47
65 46 45 46 50 45
65 46 45 47 44 50
65 46 45 47 45 49
65 46 45 47 47 47
65 46 45 47 49 45
65 46 45 47 50 44
65 46 45 48 45 48
65 46 45 48 46 47
65 46 45 48 48 45
65 46 45 48 49 44
65 46 45 48 50 43
65 46 45 49 43 49
65 46 45 49 44 48
65 46 45 49 46 46
65 46 45 49 49 43
65 46 45 50 43 48
65 46 45 50 44 47
65 46 45 50 45 46
65 46 45 50 46 45
65 46 45 50 47 44
65 46 46 43 47 50
65 46 46 43 48 49
65 46 46 43 49 48
65 46 46 44 47 49
65 46 46 44 50 46
65 46 46 45 45 50
65 46 46 45 48 47
65 46 46 45 49 46
65 46 46 45 50 45
65 46 46 46 44 50
65 46 46 46 45 49
65 46 46 46 47 47
65 46 46 46 49 45
65 46 46 47 43 50
65 46 46 47 46 47
65 46 46 47 47 46
65 46 46 47 48 45
65 46 46 47 49 44
65 46 46 47 50 43
65 46 46 48 43 49
65 46 46 48 44 48
65 46 46 48 47 45
65 46 46 48 48 44
65 46 46 48 49 43
65 46 46 49 42 49
65 46 46 49 43 48
65 46 46 49 44 47
65 46 46 49 46 45
65 46 46 49 47 44
65 46 46 50 42 48
65 46 46 50 43 47
65 46 46 50 45 45
65 46 46 50 46 44
65 46 47 43 46 50
65 46 47 43 47 49
65 46 47 43 48 48
65 46 47 44 45 50
65 46 47 44 46 49
65 46 47 44 48 47
65 46 47 44 49 46
65 46 47 44 50 45
65 46 47 45 46 48
65 46 47 45 47 47
65 46 47 45 48 46
65 46 47 45 49 45
65 46 47 45 50 44
65 46 47 46 44 49
65 46 47 46 45 48
65 46 47 46 46 47
65 46 47 46 47 46
65 46 47 46 49 44
65 46 47 46 50 43
65 46 47 47 44 48
65 46 47 47 46 46
65 46 47 47 47 45
65 46 47 47 48 44
65 46 47 48 46 45
65 46 47 48 48 43
65 46 47 49 44 46
65 46 47 49 45 45
65 46 47 49 46 44
65 46 47 49 47 43
65 46 47 50 43 46
65 46 47 50 45 44
65 46 48 42 47 49
65 46 48 43 46 49
65 46 48 43 47 48
65 46 48 43 48 47
65 46 48 44 45 49
65 46 48 44 46 48
65 46 48 44 47 47
65 46 48 44 48 46
65 46 48 44 49 45
65 46 48 45 45 48
65 46 48 45 46 47
65 46 48 45 47 46
65 46 48 46 44 48
65 46 48 46 45 47
65 46 48 46 47 45
65 46 48 46 48 44
65 46 48 46 49 43
65 46 48 47 43 48
65 46 48 47 44 47
65 46 48 47 45 46
65 46 48 47 46 45
65 46 48 47 47 44
65 46 48 48 45 45
65 46 48 48 46 44
65 46 48 48 47 43
65 46 48 49 42 47
65 46 48 49 43 46
65 46 48 49 44 45
65 46 48 49 45 44
65 46 49 43 47 47
65 46 49 43 48 46
65 46 49 44 45 48
65 46 49 44 46 47
65 46 49 44 47 46
65 46 49 44 49 44
65 46 49 45 44 48
65 46 49 45 46 46
65 46 49 46 44 47
65 46 49 46 45 46
65 46 49 46 46 45
65 46 49 47 43 47
65 46 49 47 46 44
65 46 49 48 43 46
65 46 49 48 44 45
65 46 49 49 43 45
65 46 50 43 47 46
65 46 50 44 48 44
65 46 50 45 45 46
65 46 50 45 46 45
65 46 50 45 47 44
65 46 50 46 44 46
65 46 50 46 45 45
65 46 50 46 46 44
65 46 50 46 47 43
65 46 50 47 44 45
65 46 51 44 46 45
65 46 51 45 45 45
65 46 51 45 46 44
65 47 42 46 49 48
65 47 42 48 48 47
65 47 42 48 50 45
65 47 42 49 49 45
65 47 43 45 48 49
65 47 43 45 49 48
65 47 43 46 46 50
65 47 43 46 47 49
65 47 43 46 48 48
65 47 43 46 49 47
65 47 43 46 50 46
65 47 43 47 45 50
65 47 43 47 47 48
65 47 43 47 48 47
65 47 43 47 50 45
65 47 43 48 47 47
65 47 43 48 49 45
65 47 43 48 50 44
65 47 43 49 48 45
65 47 43 50 47 45
65 47 44 43 48 50
65 47 44 44 46 51
65 47 44 44 47 50
65 47 44 45 45 51
65 47 44 45 46 50
65 47 44 45 48 48
65 47 44 45 49 47
65 47 44 46 46 49
65 47 44 46 47 48
65 47 44 46 49 46
65 47 44 46 50 45
65 47 44 47 44 50
65 47 44 47 45 49
65 47 44 47 46 48
65 47 44 47 47 47
65 47 44 47 49 45
65 47 44 47 50 44
65 47 44 48 44 49
65 47 44 48 45 48
65 47 44 48 46 47
65 47 44 48 47 46
65 47 44 48 48 45
65 47 44 48 49 44
65 47 44 48 50 43
65 47 44 49 44 48
65 47 44 49 45 47
65 47 44 49 46 46
65 47 44 49 47 45
65 47 44 49 48 44
65 47 44 50 47 44
65 47 45 43 47 50
65 47 45 44 47 49
65 47 45 44 48 48
65 47 45 44 49 47
65 47 45 44 50 46
65 47 45 45 44 51
65 47 45 45 46 49
65 47 45 45 47 48
65 47 45 45 48 47
65 47 45 45 49 46
65 47 45 46 44 50
65 47 45 46 46 48
65 47 45 46 47 47
65 47 45 46 49 45
65 47 45 46 50 44
65 47 45 47 43 50
65 47 45 47 45 48
65 47 45 47 46 47
65 47 45 47 48 45
65 47 45 48 43 49
65 47 45 48 44 48
65 47 45 48 45 47
65 47 45 48 46 46
65 47 45 48 48 44
65 47 45 48 49 43
65 47 45 49 43 48
65 47 45 49 44 47
65 47 45 49 47 44
65 47 45 49 48 43
65 47 45 50 44 46
65 47 45 50 45 45
65 47 45 50 46 44
65 47 46 42 48 49
65 47 46 43 46 50
65 47 46 43 49 47
65 47 46 44 45 50
65 47 46 44 46 49
65 47 46 44 48 47
65 47 46 44 49 46
65 47 46 45 44 50
65 47 46 45 48 46
65 47 46 46 43 50
65 47 46 46 45 48
65 47 46 46 46 47
65 47 46 46 47 46
65 47 46 46 48 45
65 47 46 46 49 44
65 47 46 47 45 47
65 47 46 47 46 46
65 47 46 47 47 45
65 47 46 47 48 44
65 47 46 47 49 43
65 47 46 48 44 47
65 47 46 48 45 46
65 47 46 48 46 45
65 47 46 48 47 44
65 47 46 48 48 43
65 47 46 49 43 47
65 47 46 49 44 46
65 47 46 50 43 46
65 47 46 50 45 44
65 47 47 42 48 48
65 47 47 43 46 49
65 47 47 43 47 48
65 47 47 43 49 46
65 47 47 44 45 49
65 47 47 44 46 48
65 47 47 44 47 47
65 47 47 44 49 45
65 47 47 45 44 49
65 47 47 45 45 48
65 47 47 45 46 47
65 47 47 45 47 46
65 47 47 45 49 44
65 47 47 46 44 48
65 47 47 46 45 47
65 47 47 46 46 46
65 47 47 46 47 45
65 47 47 46 48 44
65 47 47 46 49 43
65 47 47 47 43 48
65 47 47 47 44 47
65 47 47 47 45 46
65 47 47 47 47 44
65 47 47 47 48 43
65 47 47 48 42 48
65 47 47 48 43 47
65 47 47 48 45 45
65 47 47 48 46 44
65 47 47 49 43 46
65 47 47 49 44 45
65 47 47 49 45 44
65 47 47 49 46 43
65 47 48 43 46 48
65 47 48 43 47 47
65 47 48 43 48 46
65 47 48 44 46 47
65 47 48 44 47 46
65 47 48 44 48 45
65 47 48 45 44 48
65 47 48 45 47 45
65 47 48 45 48 44
65 47 48 46 43 48
65 47 48 46 45 46
65 47 48 46 48 43
65 47 48 47 44 46
65 47 48 47 46 44
65 47 48 47 47 43
65 47 48 48 42 47
65 47 48 48 43 46
65 47 48 48 44 45
65 47 48 48 45 44
65 47 48 48 46 43
65 47 48 49 43 45
65 47 49 43 46 47
65 47 49 44 45 47
65 47 49 44 46 46
65 47 49 44 47 45
65 47 49 44 48 44
65 47 49 45 44 47
65 47 49 45 45 46
65 47 49 45 46 45
65 47 49 45 48 43
65 47 49 46 43 47
65 47 49 46 44 46
65 47 49 47 44 45
65 47 49 47 45 44
65 47 49 48 43 45
65 47 49 48 44 44
65 47 49 48 45 43
65 47 50 43 46 46
65 47 50 43 47 45
65 47 50 44 45 46
65 47 50 44 46 45
65 47 50 44 47 44
65 47 50 45 44 46
65 47 50 45 46 44
65 47 50 45 47 43
65 47 50 46 44 45
65 47 50 46 46 43
65 47 50 47 44 44
65 47 50 47 45 43
65 48 42 47 48 47
65 48 42 47 49 46
65 48 43 44 47 50
65 48 43 45 46 50
65 48 43 45 47 49
65 48 43 45 48 48
65 48 43 45 49 47
65 48 43 46 46 49
65 48 43 46 47 48
65 48 43 46 48 47
65 48 43 46 49 46
65 48 43 46 50 45
65 48 43 47 46 48
65 48 43 47 50 44
65 48 43 48 46 47
65 48 43 48 47 46
65 48 43 48 48 45
65 48 43 48 49 44
65 48 43 49 47 45
65 48 44 43 46 51
65 48 44 43 47 50
65 48 44 43 48 49
65 48 44 44 46 50
65 48 44 44 47 49
65 48 44 45 46 49
65 48 44 45 47 48
65 48 44 45 48 47
65 48 44 45 49 46
65 48 44 46 44 50
65 48 44 46 46 48
65 48 44 46 47 47
65 48 44 46 49 45
65 48 44 47 44 49
65 48 44 47 45 48
65 48 44 47 47 46
65 48 44 47 48 45
65 48 44 48 44 48
65 48 44 48 45 47
65 48 44 48 46 46
65 48 44 48 47 45
65 48 44 49 47 44
65 48 44 49 48 43
65 48 45 42 47 50
65 48 45 43 46 50
65 48 45 43 47 49
65 48 45 43 48 48
65 48 45 44 45 50
65 48 45 44 46 49
65 48 45 44 47 48
65 48 45 44 48 47
65 48 45 44 49 46
65 48 45 45 44 50
65 48 45 45 45 49
65 48 45 45 46 48
65 48 45 45 48 46
65 48 45 45 49 45
65 48 45 46 46 47
65 48 45 46 47 46
65 48 45 46 48 45
65 48 45 46 49 44
65 48 45 47 43 49
65 48 45 47 44 48
65 48 45 47 46 46
65 48 45 47 47 45
65 48 45 47 48 44
65 48 45 47 49 43
65 48 45 48 43 48
65 48 45 48 45 46
65 48 45 48 46 45
65 48 45 48 47 44
65 48 45 48 48 43
65 48 45 49 44 46
65 48 45 49 46 44
65 48 45 49 47 43
65 48 46 42 46 50
65 48 46 43 45 50
65 48 46 43 46 49
65 48 46 43 48 47
65 48 46 44 45 49
65 48 46 44 46 48
65 48 46 44 47 47
65 48 46 44 48 46
65 48 46 44 49 45
65 48 46 45 45 48
65 48 46 45 47 46
65 48 46 45 48 45
65 48 46 45 49 44
65 48 46 46 44 48
65 48 46 46 47 45
65 48 46 46 48 44
65 48 46 47 43 48
65 48 46 47 44 47
65 48 46 47 45 46
65 48 46 47 48 43
65 48 46 48 43 47
65 48 46 48 44 46
65 48 46 48 45 45
65 48 46 48 47 43
65 48 46 49 43 46
65 48 46 49 44 45
65 48 46 49 46 43
65 48 47 42 47 48
65 48 47 43 45 49
65 48 47 43 47 47
65 48 47 43 48 46
65 48 47 44 44 49
65 48 47 44 45 48
65 48 47 44 47 46
65 48 47 44 48 45
65 48 47 45 44 48
65 48 47 45 45 47
65 48 47 45 46 46
65 48 47 45 47 45
65 48 47 46 44 47
65 48 47 46 45 46
65 48 47 46 47 44
65 48 47 46 48 43
65 48 47 47 43 47
65 48 47 47 44 46
65 48 47 47 45 45
65 48 47 47 47 43
65 48 47 48 43 46
65 48 47 48 44 45
65 48 47 48 45 44
65 48 47 48 47 42
65 48 47 49 42 46
65 48 47 49 43 45
65 48 48 43 45 48
65 48 48 43 46 47
65 48 48 44 44 48
65 48 48 44 45 47
65 48 48 44 46 46
65 48 48 44 47 45
65 48 48 44 48 44
65 48 48 45 44 47
65 48 48 45 46 45
65 48 48 45 47 44
65 48 48 45 48 43
65 48 48 46 43 47
65 48 48 46 44 46
65 48 48 46 45 45
65 48 48 46 46 44
65 48 48 47 43 46
65 48 48 47 44 45
65 48 48 47 45 44
65 48 48 47 47 42
65 48 48 48 43 45
65 48 48 48 45 43
65 48 49 43 46 46
65 48 49 44 47 44
65 48 49 45 44 46
65 48 49 45 45 45
65 48 49 45 47 43
65 48 49 46 45 44
65 48 49 46 46 43
65 48 49 47 43 45
65 48 49 47 44 44
65 48 49 47 45 43
65 48 49 48 43 44
65 48 50 44 45 45
65 48 50 44 46 44
65 48 50 45 44 45
65 48 50 45 45 44
65 48 50 46 45 43
65 49 43 44 46 50
65 49 43 44 48 48
65 49 43 45 46 49
65 49 43 45 47 48
65 49 43 45 48 47
65 49 43 45 49 46
65 49 43 46 48 46
65 49 43 47 46 47
65 49 43 47 47 46
65 49 44 43 46 50
65 49 44 44 45 50
65 49 44 44 47 48
65 49 44 44 48 47
65 49 44 45 47 47
65 49 44 45 48 46
65 49 44 45 49 45
65 49 44 46 44 49
65 49 44 46 45 48
65 49 44 46 46 47
65 49 44 46 49 44
65 49 44 47 45 47
65 49 44 47 46 46
65 49 44 47 47 45
65 49 44 48 45 46
65 49 44 48 46 45
65 49 45 42 47 49
65 49 45 43 45 50
65 49 45 43 46 49
65 49 45 43 47 48
65 49 45 43 48 47
65 49 45 44 44 50
65 49 45 44 46 48
65 49 45 44 47 47
65 49 45 45 44 49
65 49 45 45 45 48
65 49 45 46 45 47
65 49 45 46 46 46
65 49 45 46 48 44
65 49 45 47 44 47
65 49 45 47 46 45
65 49 45 47 47 44
65 49 45 47 48 43
65 49 45 48 44 46
65 49 45 48 45 45
65 49 45 48 46 44
65 49 45 48 47 43
65 49 45 49 45 44
65 49 45 49 46 43
65 49 46 42 46 49
65 49 46 43 45 49
65 49 46 43 46 48
65 49 46 44 44 49
65 49 46 44 47 46
65 49 46 45 45 47
65 49 46 45 46 46
65 49 46 45 48 44
65 49 46 46 43 48
65 49 46 46 44 47
65 49 46 46 45 46
65 49 46 46 47 44
65 49 46 46 48 43
65 49 46 47 43 47
65 49 46 47 44 46
65 49 46 47 45 45
65 49 46 47 46 44
65 49 46 47 47 43
65 49 46 47 48 42
65 49 46 48 44 45
65 49 46 48 45 44
65 49 46 48 46 43
65 49 46 49 44 44
65 49 47 43 45 48
65 49 47 44 44 48
65 49 47 44 47 45
65 49 47 45 44 47
65 49 47 45 47 44
65 49 47 46 44 46
65 49 47 46 45 45
65 49 47 46 46 44
65 49 47 46 47 43
65 49 47 47 43 46
65 49 47 47 45 44
65 49 47 48 43 45
65 49 47 48 46 42
65 49 48 43 45 47
65 49 48 44 44 47
65 49 48 44 47 44
65 49 48 45 45 45
65 49 48 45 46 44
65 49 48 45 47 43
65 49 48 46 43 46
65 49 48 46 44 45
65 49 48 46 45 44
65 49 48 46 46 43
65 49 48 47 43 45
65 49 48 47 44 44
65 49 48 47 45 43
65 49 48 48 44 43
65 49 49 44 44 46
65 49 49 44 45 45
65 49 49 44 46 44
65 49 49 45 46 43
65 49 49 46 43 45
65 49 49 46 45 43
65 49 49 46 46 42
65 49 49 47 45 42
65 49 50 45 44 44
65 49 50 45 45 43
65 49 50 46 44 43
65 50 44 43 46 49
65 50 44 44 45 49
65 50 44 44 47 47
65 50 44 45 45 48
65 50 44 45 46 47
65 50 44 45 47 46
65 50 44 46 45 47
65 50 44 46 46 46
65 50 44 46 47 45
65 50 44 47 46 45
65 50 45 43 45 49
65 50 45 43 46 48
65 50 45 43 47 47
65 50 45 44 45 48
65 50 45 45 44 48
65 50 45 45 46 46
65 50 45 45 47 45
65 50 45 46 44 47
65 50 45 46 45 46
65 50 45 46 46 45
65 50 46 43 46 47
65 50 46 44 44 48
65 50 46 44 45 47
65 50 46 44 46 46
65 50 46 45 44 47
65 50 46 45 45 46
65 50 46 45 46 45
65 50 46 45 47 44
65 50 46 46 43 47
65 50 46 46 45 45
65 50 46 46 47 43
65 50 46 47 44 45
65 50 46 47 45 44
65 50 46 47 46 43
65 50 46 48 45 43
65 50 47 43 45 47
65 50 47 43 46 46
65 50 47 44 44 47
65 50 47 44 45 46
65 50 47 44 46 45
65 50 47 45 43 47
65 50 47 45 46 44
65 50 47 46 43 46
65 50 47 46 44 45
65 50 47 46 46 43
65 50 47 47 44 44
65 50 47 47 45 43
65 50 47 48 44 43
65 50 48 44 44 46
65 50 48 44 45 45
65 50 48 45 45 44
65 50 48 45 46 43
65 50 48 46 43 45
65 50 48 46 44 44
65 50 48 46 45 43
65 50 48 46 46 42
65 50 48 47 43 44
65 50 48 47 44 43
65 50 48 47 45 42
65 50 49 44 45 44
65 50 49 45 44 44
65 50 49 45 45 43
65 50 49 46 43 44
65 50 49 46 44 43
65 51 45 45 45 46
65 51 46 44 45 46
65 51 46 45 44 46
65 51 46 45 45 45
65 51 46 46 45 44
65 51 47 44 45 45
65 51 47 45 44 45
65 51 47 46 44 44
65 51 48 46 44 43
67 44 45 48 47 47
67 44 46 46 48 47
67 44 46 47 46 48
67 44 46 48 45 48
67 44 46 48 46 47
67 44 46 48 47 46
67 44 47 45 48 47
67 44 47 46 46 48
67 44 47 46 47 47
67 44 47 47 47 46
67 44 47 48 45 47
67 44 48 45 48 46
67 44 48 46 46 47
67 44 48 46 48 45
67 44 48 47 46 46
67 44 48 47 47 45
67 44 49 46 46 46
67 45 44 47 48 47
67 45 44 48 48 46
67 45 45 46 46 49
67 45 45 46 47 48
67 45 45 48 45 48
67 45 45 48 48 45
67 45 45 49 46 46
67 45 46 45 47 48
67 45 46 46 46 48
67 45 46 46 47 47
67 45 46 46 48 46
67 45 46 46 49 45
67 45 46 47 46 47
67 45 46 47 47 46
67 45 46 48 44 48
67 45 46 48 45 47
67 45 46 48 46 46
67 45 46 49 46 45
67 45 47 45 46 48
67 45 47 46 46 47
67 45 47 47 44 48
67 45 47 47 48 44
67 45 47 48 45 46
67 45 47 48 46 45
67 45 48 44 47 47
67 45 48 44 48 46
67 45 48 45 46 47
67 45 48 45 47 46
67 45 48 45 48 45
67 45 48 46 45 47
67 45 48 46 46 46
67 45 48 47 45 46
67 46 44 46 48 47
67 46 44 46 49 46
67 46 44 47 46 48
67 46 44 47 47 47
67 46 44 48 48 45
67 46 45 45 47 48
67 46 45 45 48 47
67 46 45 46 45 49
67 46 45 46 46 48
67 46 45 46 48 46
67 46 45 47 46 47
67 46 45 47 48 45
67 46 45 48 44 48
67 46 45 48 46 46
67 46 45 48 48 44
67 46 46 44 46 49
67 46 46 44 47 48
67 46 46 44 48 47
67 46 46 45 46 48
67 46 46 45 47 47
67 46 46 45 48 46
67 46 46 45 49 45
67 46 46 46 45 48
67 46 46 46 48 45
67 46 46 47 47 45
67 46 46 47 48 44
67 46 46 48 45 46
67 46 46 48 46 45
67 46 46 48 47 44
67 46 46 49 44 46
67 46 47 44 46 48
67 46 47 44 48 46
67 46 47 45 47 46
67 46 47 46 44 48
67 46 47 46 45 47
67 46 47 46 47 45
67 46 47 46 48 44
67 46 47 47 44 47
67 46 47 47 45 46
67 46 47 47 46 45
67 46 47 48 44 46
67 46 47 48 45 45
67 46 48 44 47 46
67 46 48 45 45 47
67 46 48 45 46 46
67 46 48 46 45 46
67 46 48 46 46 45
67 46 48 47 44 46
67 46 48 47 46 44
67 46 49 45 45 46
67 46 49 45 46 45
67 47 44 45 47 48
67 47 44 46 46 48
67 47 44 46 48 46
67 47 44 47 45 48
67 47 44 47 47 46
67 47 44 48 46 46
67 47 44 48 47 45
67 47 45 45 46 48
67 47 45 45 48 46
67 47 45 46 46 47
67 47 45 46 47 46
67 47 45 46 48 45
67 47 45 47 46 46
67 47 45 47 48 44
67 47 45 48 44 47
67 47 46 44 47 47
67 47 46 45 47 46
67 47 46 45 48 45
67 47 46 46 45 47
67 47 46 47 44 47
67 47 46 47 46 45
67 47 46 48 44 46
67 47 46 48 45 45
67 47 46 48 46 44
67 47 47 44 45 48
67 47 47 44 46 47
67 47 47 45 46 46
67 47 47 46 45 46
67 47 47 46 47 44
67 47 47 47 46 44
67 47 48 44 46 46
67 47 48 44 47 45
67 47 48 46 44 46
67 47 48 47 45 44
67 48 44 45 46 48
67 48 44 46 46 47
67 48 44 46 47 46
67 48 45 44 46 48
67 48 45 44 47 47
67 48 45 45 45 48
67 48 45 46 46 46
67 48 45 46 47 45
67 48 45 47 45 46
67 48 45 47 46 45
67 48 46 44 45 48
67 48 46 44 47 46
67 48 46 45 46 46
67 48 46 46 44 47
67 48 46 46 45 46
67 48 46 46 46 45
67 48 46 46 47 44
67 48 46 47 45 45
67 48 46 47 46 44
67 48 47 45 44 47
67 48 47 45 47 44
67 48 47 46 44 46
67 48 47 46 45 45
67 48 47 47 44 45
67 48 48 45 45 45
67 48 48 45 46 44
67 48 48 46 44 45
67 48 48 46 45 44
67 49 45 46 45 46
67 49 46 45 45 46
67 49 46 46 46 44
