120 113 115
120 115 113
122 111 116
122 112 115
122 113 114
122 114 113
122 115 112
122 116 111
124 111 115
124 113 113
124 115 111
126 108 117
126 109 116
126 110 115
126 112 113
126 113 112
126 115 110
126 116 109
126 117 108
128 107 117
128 108 116
128 109 115
128 111 113
128 112 112
128 113 111
128 115 109
128 116 108
128 117 107
130 106 117
130 107 116
130 108 115
130 109 114
130 110 113
130 111 112
130 112 111
130 113 110
130 114 109
130 115 108
130 116 107
130 117 106
132 107 115
132 109 113
132 113 109
132 115 107
134 104 117
134 105 116
134 106 115
134 107 114
134 108 113
134 109 112
134 112 109
134 113 108
134 114 107
134 115 106
134 116 105
134 117 104
136 104 116
136 107 113
136 108 112
136 109 111
136 111 109
136 112 108
136 113 107
136 116 104
138 106 113
138 107 112
138 109 110
138 110 109
138 112 107
138 113 106
