65 55 55 57 57 56
65 55 56 56 57 56
65 55 56 57 55 57
65 55 56 57 56 56
65 55 57 55 56 57
65 55 57 55 57 56
65 55 57 56 56 56
65 55 57 56 57 55
65 55 57 57 55 56
65 56 55 55 57 57
65 56 55 56 56 57
65 56 55 56 57 56
65 56 55 57 55 57
65 56 55 57 56 56
65 56 55 57 57 55
65 56 56 55 56 57
65 56 56 56 55 57
65 56 56 56 56 56
65 56 56 56 57 55
65 56 56 57 55 56
65 56 57 55 56 56
65 56 57 56 56 55
65 57 55 55 56 57
65 57 55 56 57 55
65 57 56 55 55 57
65 57 56 55 56 56
65 57 56 56 55 56
65 57 56 56 56 55
65 57 56 57 55 55
65 57 57 55 56 55
65 57 57 56 55 55
67 53 56 57 56 57
67 53 56 57 57 56
67 53 57 56 56 57
67 53 57 57 56 56
67 53 58 55 56 57
67 53 58 55 57 56
67 53 58 56 56 56
67 54 55 56 57 57
67 54 55 56 58 56
67 54 55 57 55 58
67 54 55 57 56 57
67 54 55 57 57 56
67 54 55 58 55 57
67 54 55 58 56 56
67 54 55 58 57 55
67 54 55 59 55 56
67 54 56 55 56 58
67 54 56 55 57 57
67 54 56 55 58 56
67 54 56 56 55 58
67 54 56 56 56 57
67 54 56 56 58 55
67 54 56 57 55 57
67 54 56 57 56 56
67 54 56 57 57 55
67 54 56 58 54 57
67 54 56 58 55 56
67 54 57 55 55 58
67 54 57 55 56 57
67 54 57 55 57 56
67 54 57 56 56 56
67 54 57 57 55 56
67 54 57 57 56 55
67 54 57 58 54 56
67 54 58 54 56 57
67 54 58 54 57 56
67 54 58 55 55 57
67 54 58 55 57 55
67 54 58 56 55 56
67 55 54 56 57 57
67 55 54 57 55 58
67 55 54 57 56 57
67 55 54 57 58 55
67 55 54 58 56 56
67 55 55 54 57 58
67 55 55 54 58 57
67 55 55 55 56 58
67 55 55 56 56 57
67 55 55 56 57 56
67 55 55 56 58 55
67 55 55 56 59 54
67 55 55 57 58 54
67 55 55 58 54 57
67 55 55 58 55 56
67 55 55 58 57 54
67 55 56 54 56 58
67 55 56 54 58 56
67 55 56 55 56 57
67 55 56 55 57 56
67 55 56 56 54 58
67 55 56 56 55 57
67 55 56 56 56 56
67 55 56 56 58 54
67 55 56 57 54 57
67 55 56 57 56 55
67 55 56 57 57 54
67 55 56 58 53 57
67 55 56 58 55 55
67 55 57 54 56 57
67 55 57 54 57 56
67 55 57 54 58 55
67 55 57 55 58 54
67 55 57 56 54 57
67 55 57 56 55 56
67 55 57 56 56 55
67 55 57 56 57 54
67 55 57 57 54 56
67 55 57 57 56 54
67 55 57 58 53 56
67 55 57 58 54 55
67 55 58 54 56 56
67 55 58 54 57 55
67 55 58 55 55 56
67 55 58 55 56 55
67 55 58 56 54 56
67 55 58 56 56 54
67 55 58 57 54 55
67 55 59 54 56 55
67 56 53 56 57 57
67 56 53 56 58 56
67 56 53 57 56 57
67 56 53 57 58 55
67 56 54 54 57 58
67 56 54 55 55 59
67 56 54 55 56 58
67 56 54 55 57 57
67 56 54 55 58 56
67 56 54 56 55 58
67 56 54 56 56 57
67 56 54 56 57 56
67 56 54 57 55 57
67 56 54 57 57 55
67 56 54 57 58 54
67 56 54 58 55 56
67 56 54 58 56 55
67 56 55 53 57 58
67 56 55 54 57 57
67 56 55 54 58 56
67 56 55 55 55 58
67 56 55 55 57 56
67 56 55 55 58 55
67 56 55 56 54 58
67 56 55 56 56 56
67 56 55 56 58 54
67 56 55 57 55 56
67 56 55 57 56 55
67 56 55 57 57 54
67 56 55 58 56 54
67 56 56 53 56 58
67 56 56 53 57 57
67 56 56 54 56 57
67 56 56 54 57 56
67 56 56 55 54 58
67 56 56 55 55 57
67 56 56 55 56 56
67 56 56 55 57 55
67 56 56 56 55 56
67 56 56 56 56 55
67 56 56 56 57 54
67 56 56 57 54 56
67 56 56 57 55 55
67 56 56 57 56 54
67 56 56 57 57 53
67 56 56 58 53 56
67 56 56 58 54 55
67 56 56 58 55 54
67 56 57 53 56 57
67 56 57 53 57 56
67 56 57 54 55 57
67 56 57 54 56 56
67 56 57 54 57 55
67 56 57 55 54 57
67 56 57 55 55 56
67 56 57 55 57 54
67 56 57 56 54 56
67 56 57 56 55 55
67 56 57 56 57 53
67 56 57 57 53 56
67 56 57 57 55 54
67 56 58 54 56 55
67 56 58 55 56 54
67 56 58 56 54 55
67 56 58 56 55 54
67 57 53 56 56 57
67 57 53 56 57 56
67 57 53 56 58 55
67 57 54 54 56 58
67 57 54 55 55 58
67 57 54 55 56 57
67 57 54 55 58 55
67 57 54 56 55 57
67 57 54 56 56 56
67 57 54 56 57 55
67 57 54 56 58 54
67 57 54 57 55 56
67 57 54 57 56 55
67 57 55 53 56 58
67 57 55 54 55 58
67 57 55 54 56 57
67 57 55 54 57 56
67 57 55 55 56 56
67 57 55 56 54 57
67 57 55 56 55 56
67 57 55 56 56 55
67 57 55 56 57 54
67 57 55 57 54 56
67 57 55 58 55 54
67 57 56 54 57 55
67 57 56 55 54 57
67 57 56 55 56 55
67 57 56 55 57 54
67 57 56 56 53 57
67 57 56 56 54 56
67 57 56 56 56 54
67 57 56 56 57 53
67 57 56 57 53 56
67 57 56 57 54 55
67 57 56 57 55 54
67 57 56 57 56 53
67 57 57 53 56 56
67 57 57 54 55 56
67 57 57 54 56 55
67 57 57 55 54 56
67 57 57 56 53 56
67 57 57 56 54 55
67 57 57 56 55 54
67 57 58 54 55 55
67 57 58 55 54 55
67 58 54 55 55 57
67 58 54 55 56 56
67 58 54 55 57 55
67 58 54 56 56 55
67 58 55 54 56 56
67 58 55 55 54 57
67 58 55 56 55 55
67 58 55 56 56 54
67 58 55 57 55 54
67 58 56 54 55 56
67 58 56 54 56 55
67 58 56 55 54 56
67 58 56 55 55 55
67 58 56 56 54 55
67 58 56 56 56 53
67 58 56 57 54 54
67 58 56 57 55 53
67 58 57 55 54 55
67 58 57 55 55 54
67 58 57 56 54 54
67 58 57 56 55 53
67 59 56 55 54 55
69 52 56 57 56 57
69 52 56 57 57 56
69 52 56 58 55 57
69 52 56 58 56 56
69 52 57 55 57 57
69 52 57 55 58 56
69 52 57 56 56 57
69 52 57 56 58 55
69 52 57 57 55 57
69 52 57 57 56 56
69 52 57 58 54 57
69 52 58 54 57 57
69 52 58 54 58 56
69 52 58 55 56 57
69 52 58 55 57 56
69 52 58 55 58 55
69 52 58 56 55 57
69 52 58 56 56 56
69 52 58 56 57 55
69 52 58 57 55 56
69 52 59 55 56 56
69 52 59 55 57 55
69 53 54 58 56 57
69 53 54 58 57 56
69 53 54 59 55 57
69 53 55 56 57 57
69 53 55 56 58 56
69 53 55 56 59 55
69 53 55 57 55 58
69 53 55 57 56 57
69 53 55 57 57 56
69 53 55 58 54 58
69 53 55 58 55 57
69 53 55 58 56 56
69 53 55 58 57 55
69 53 55 59 53 58
69 53 55 59 56 55
69 53 56 54 58 57
69 53 56 55 56 58
69 53 56 55 57 57
69 53 56 55 58 56
69 53 56 56 55 58
69 53 56 56 57 56
69 53 56 56 58 55
69 53 56 56 59 54
69 53 56 57 54 58
69 53 56 57 55 57
69 53 56 57 58 54
69 53 56 58 53 58
69 53 56 58 54 57
69 53 56 58 55 56
69 53 56 58 56 55
69 53 56 59 53 57
69 53 56 59 54 56
69 53 57 53 58 57
69 53 57 54 56 58
69 53 57 54 57 57
69 53 57 54 58 56
69 53 57 54 59 55
69 53 57 55 55 58
69 53 57 55 57 56
69 53 57 55 58 55
69 53 57 56 55 57
69 53 57 56 56 56
69 53 57 57 53 58
69 53 57 57 54 57
69 53 57 57 55 56
69 53 57 57 56 55
69 53 57 57 57 54
69 53 57 58 54 56
69 53 58 53 58 56
69 53 58 54 56 57
69 53 58 54 57 56
69 53 58 55 55 57
69 53 58 55 56 56
69 53 58 55 57 55
69 53 58 55 58 54
69 53 58 56 54 57
69 53 58 56 55 56
69 53 58 56 56 55
69 53 58 56 57 54
69 53 58 57 54 56
69 53 58 57 55 55
69 53 59 53 57 56
69 53 59 53 58 55
69 53 59 54 56 56
69 53 59 54 57 55
69 53 59 54 58 54
69 53 59 55 56 55
69 53 59 56 55 55
69 54 53 57 57 57
69 54 53 57 58 56
69 54 53 58 56 57
69 54 53 58 58 55
69 54 53 58 59 54
69 54 53 59 56 56
69 54 54 55 58 57
69 54 54 55 59 56
69 54 54 56 56 58
69 54 54 56 57 57
69 54 54 56 58 56
69 54 54 56 59 55
69 54 54 57 54 59
69 54 54 57 55 58
69 54 54 57 56 57
69 54 54 57 57 56
69 54 54 57 58 55
69 54 54 57 59 54
69 54 54 58 54 58
69 54 54 58 55 57
69 54 54 58 56 56
69 54 54 58 57 55
69 54 54 58 58 54
69 54 54 59 53 58
69 54 54 59 54 57
69 54 54 59 55 56
69 54 54 59 57 54
69 54 55 54 58 57
69 54 55 54 59 56
69 54 55 55 56 58
69 54 55 55 57 57
69 54 55 55 58 56
69 54 55 55 59 55
69 54 55 56 55 58
69 54 55 56 56 57
69 54 55 56 57 56
69 54 55 56 58 55
69 54 55 56 59 54
69 54 55 57 53 59
69 54 55 57 55 57
69 54 55 57 57 55
69 54 55 57 58 54
69 54 55 57 59 53
69 54 55 58 55 56
69 54 55 58 56 55
69 54 55 58 57 54
69 54 55 59 53 57
69 54 55 59 55 55
69 54 56 53 57 58
69 54 56 54 55 59
69 54 56 54 56 58
69 54 56 54 58 56
69 54 56 55 54 59
69 54 56 55 56 57
69 54 56 55 57 56
69 54 56 55 58 55
69 54 56 56 54 58
69 54 56 56 55 57
69 54 56 56 57 55
69 54 56 56 58 54
69 54 56 57 53 58
69 54 56 57 54 57
69 54 56 57 56 55
69 54 56 57 57 54
69 54 56 57 58 53
69 54 56 58 52 58
69 54 56 58 53 57
69 54 56 58 55 55
69 54 56 58 56 54
69 54 56 59 53 56
69 54 56 59 54 55
69 54 57 53 56 58
69 54 57 53 57 57
69 54 57 53 58 56
69 54 57 54 57 56
69 54 57 54 59 54
69 54 57 55 54 58
69 54 57 55 55 57
69 54 57 55 57 55
69 54 57 55 58 54
69 54 57 56 53 58
69 54 57 56 55 56
69 54 57 56 56 55
69 54 57 56 57 54
69 54 57 56 58 53
69 54 57 57 53 57
69 54 57 57 55 55
69 54 57 57 56 54
69 54 57 58 52 57
69 54 57 58 53 56
69 54 58 52 57 57
69 54 58 53 56 57
69 54 58 53 57 56
69 54 58 53 58 55
69 54 58 54 58 54
69 54 58 55 55 56
69 54 58 55 56 55
69 54 58 55 57 54
69 54 58 56 54 56
69 54 58 56 55 55
69 54 58 56 56 54
69 54 58 57 53 56
69 54 58 57 55 54
69 54 59 53 56 56
69 54 59 54 55 56
69 54 59 54 57 54
69 54 59 55 56 54
69 54 59 56 54 55
69 54 59 56 55 54
69 55 52 57 58 56
69 55 52 57 59 55
69 55 52 58 57 56
69 55 52 58 58 55
69 55 53 55 58 57
69 55 53 55 59 56
69 55 53 56 55 59
69 55 53 56 56 58
69 55 53 56 57 57
69 55 53 56 58 56
69 55 53 56 59 55
69 55 53 57 55 58
69 55 53 57 58 55
69 55 53 57 59 54
69 55 53 58 56 56
69 55 53 58 57 55
69 55 53 58 59 53
69 55 53 59 55 56
69 55 53 59 57 54
69 55 54 54 56 59
69 55 54 54 59 56
69 55 54 55 55 59
69 55 54 55 56 58
69 55 54 55 57 57
69 55 54 55 58 56
69 55 54 56 55 58
69 55 54 56 56 57
69 55 54 56 57 56
69 55 54 56 58 55
69 55 54 57 54 58
69 55 54 57 55 57
69 55 54 57 56 56
69 55 54 57 57 55
69 55 54 58 53 58
69 55 54 58 54 57
69 55 54 58 55 56
69 55 54 58 56 55
69 55 54 58 58 53
69 55 54 59 54 56
69 55 54 59 55 55
69 55 55 53 57 58
69 55 55 53 58 57
69 55 55 54 56 58
69 55 55 54 57 57
69 55 55 55 54 59
69 55 55 55 56 57
69 55 55 55 57 56
69 55 55 55 59 54
69 55 55 56 54 58
69 55 55 56 55 57
69 55 55 56 56 56
69 55 55 56 57 55
69 55 55 56 58 54
69 55 55 57 53 58
69 55 55 57 54 57
69 55 55 57 55 56
69 55 55 57 56 55
69 55 55 57 57 54
69 55 55 57 58 53
69 55 55 58 52 58
69 55 55 58 53 57
69 55 55 58 54 56
69 55 55 58 56 54
69 55 55 58 57 53
69 55 55 59 52 57
69 55 55 59 53 56
69 55 56 52 57 58
69 55 56 53 55 59
69 55 56 53 56 58
69 55 56 53 57 57
69 55 56 53 58 56
69 55 56 54 54 59
69 55 56 54 55 58
69 55 56 54 56 57
69 55 56 54 57 56
69 55 56 54 58 55
69 55 56 55 54 58
69 55 56 55 55 57
69 55 56 55 57 55
69 55 56 55 58 54
69 55 56 55 59 53
69 55 56 56 53 58
69 55 56 56 54 57
69 55 56 56 56 55
69 55 56 56 58 53
69 55 56 57 52 58
69 55 56 57 53 57
69 55 56 57 55 55
69 55 56 57 56 54
69 55 56 57 57 53
69 55 56 58 52 57
69 55 56 58 53 56
69 55 56 58 54 55
69 55 56 58 55 54
69 55 56 59 52 56
69 55 57 52 56 58
69 55 57 52 57 57
69 55 57 53 55 58
69 55 57 53 56 57
69 55 57 53 57 56
69 55 57 53 58 55
69 55 57 54 54 58
69 55 57 54 55 57
69 55 57 54 57 55
69 55 57 54 58 54
69 55 57 55 54 57
69 55 57 55 55 56
69 55 57 55 56 55
69 55 57 55 57 54
69 55 57 55 58 53
69 55 57 56 53 57
69 55 57 56 54 56
69 55 57 56 55 55
69 55 57 56 56 54
69 55 57 56 57 53
69 55 57 57 52 57
69 55 57 57 54 55
69 55 57 57 55 54
69 55 57 57 56 53
69 55 57 58 52 56
69 55 57 58 53 55
69 55 58 52 57 56
69 55 58 53 56 56
69 55 58 53 57 55
69 55 58 54 55 56
69 55 58 54 56 55
69 55 58 54 57 54
69 55 58 55 54 56
69 55 58 55 56 54
69 55 58 56 53 56
69 55 58 56 55 54
69 55 58 56 56 53
69 55 58 57 53 55
69 55 58 57 54 54
69 55 59 53 57 54
69 55 59 54 55 55
69 55 59 54 56 54
69 55 59 55 55 54
69 55 59 55 56 53
69 55 59 56 54 54
69 56 52 55 58 57
69 56 52 56 56 58
69 56 52 56 57 57
69 56 52 56 58 56
69 56 52 56 59 55
69 56 52 57 56 57
69 56 52 57 58 55
69 56 52 58 57 55
69 56 52 58 58 54
69 56 53 54 56 59
69 56 53 54 57 58
69 56 53 54 58 57
69 56 53 55 56 58
69 56 53 55 57 57
69 56 53 55 58 56
69 56 53 56 55 58
69 56 53 56 57 56
69 56 53 56 58 55
69 56 53 56 59 54
69 56 53 57 54 58
69 56 53 57 55 57
69 56 53 57 56 56
69 56 53 57 57 55
69 56 53 57 58 54
69 56 53 57 59 53
69 56 53 58 55 56
69 56 53 58 56 55
69 56 53 58 57 54
69 56 53 58 58 53
69 56 54 53 56 59
69 56 54 53 57 58
69 56 54 53 58 57
69 56 54 54 58 56
69 56 54 55 54 59
69 56 54 55 55 58
69 56 54 55 57 56
69 56 54 55 58 55
69 56 54 55 59 54
69 56 54 56 53 59
69 56 54 56 54 58
69 56 54 56 59 53
69 56 54 57 54 57
69 56 54 57 55 56
69 56 54 57 56 55
69 56 54 57 57 54
69 56 54 57 58 53
69 56 54 58 53 57
69 56 54 58 54 56
69 56 54 58 55 55
69 56 54 58 56 54
69 56 54 58 57 53
69 56 54 59 54 55
69 56 54 59 55 54
69 56 55 52 56 59
69 56 55 52 57 58
69 56 55 53 55 59
69 56 55 53 56 58
69 56 55 53 58 56
69 56 55 54 54 59
69 56 55 54 55 58
69 56 55 54 57 56
69 56 55 54 58 55
69 56 55 55 53 59
69 56 55 55 54 58
69 56 55 55 55 57
69 56 55 55 57 55
69 56 55 55 58 54
69 56 55 56 53 58
69 56 55 56 54 57
69 56 55 56 55 56
69 56 55 56 58 53
69 56 55 57 52 58
69 56 55 57 54 56
69 56 55 57 55 55
69 56 55 57 56 54
69 56 55 57 57 53
69 56 55 57 58 52
69 56 55 58 52 57
69 56 55 58 53 56
69 56 55 58 54 55
69 56 55 58 56 53
69 56 55 59 53 55
69 56 55 59 54 54
69 56 56 52 56 58
69 56 56 52 57 57
69 56 56 53 55 58
69 56 56 53 56 57
69 56 56 54 54 58
69 56 56 54 55 57
69 56 56 54 57 55
69 56 56 54 58 54
69 56 56 55 53 58
69 56 56 55 54 57
69 56 56 55 55 56
69 56 56 55 56 55
69 56 56 55 57 54
69 56 56 55 58 53
69 56 56 56 53 57
69 56 56 56 58 52
69 56 56 57 53 56
69 56 56 57 54 55
69 56 56 57 55 54
69 56 56 57 57 52
69 56 56 58 52 56
69 56 56 58 53 55
69 56 56 58 54 54
69 56 56 58 55 53
69 56 57 52 56 57
69 56 57 52 57 56
69 56 57 53 55 57
69 56 57 53 57 55
69 56 57 54 54 57
69 56 57 54 55 56
69 56 57 54 57 54
69 56 57 55 53 57
69 56 57 55 54 56
69 56 57 55 55 55
69 56 57 55 56 54
69 56 57 56 54 55
69 56 57 56 55 54
69 56 57 56 56 53
69 56 57 56 57 52
69 56 57 57 52 56
69 56 57 57 53 55
69 56 57 57 55 53
69 56 57 58 52 55
69 56 57 58 53 54
69 56 58 52 56 56
69 56 58 53 55 56
69 56 58 53 56 55
69 56 58 53 57 54
69 56 58 54 54 56
69 56 58 54 55 55
69 56 58 54 56 54
69 56 58 54 57 53
69 56 58 55 54 55
69 56 58 55 55 54
69 56 58 55 56 53
69 56 58 56 53 55
69 56 58 56 54 54
69 56 58 56 55 53
69 56 58 57 54 53
69 56 59 53 55 55
69 56 59 54 56 53
69 57 52 54 57 58
69 57 52 55 56 58
69 57 52 55 57 57
69 57 52 55 58 56
69 57 52 56 56 57
69 57 52 56 57 56
69 57 52 56 58 55
69 57 52 57 57 55
69 57 52 57 58 54
69 57 53 53 56 59
69 57 53 54 56 58
69 57 53 54 57 57
69 57 53 54 58 56
69 57 53 55 54 59
69 57 53 55 55 58
69 57 53 55 56 57
69 57 53 55 57 56
69 57 53 55 58 55
69 57 53 56 54 58
69 57 53 56 55 57
69 57 53 56 58 54
69 57 53 57 55 56
69 57 53 57 56 55
69 57 53 57 57 54
69 57 53 58 56 54
69 57 53 58 57 53
69 57 54 52 57 58
69 57 54 53 55 59
69 57 54 53 56 58
69 57 54 53 57 57
69 57 54 54 54 59
69 57 54 54 56 57
69 57 54 55 54 58
69 57 54 55 55 57
69 57 54 55 56 56
69 57 54 55 57 55
69 57 54 56 53 58
69 57 54 56 54 57
69 57 54 56 55 56
69 57 54 56 56 55
69 57 54 56 58 53
69 57 54 57 53 57
69 57 54 57 54 56
69 57 54 57 55 55
69 57 54 57 57 53
69 57 54 57 58 52
69 57 54 58 54 55
69 57 54 58 55 54
69 57 55 52 55 59
69 57 55 52 56 58
69 57 55 52 57 57
69 57 55 53 55 58
69 57 55 53 56 57
69 57 55 53 57 56
69 57 55 54 54 58
69 57 55 54 55 57
69 57 55 54 56 56
69 57 55 54 57 55
69 57 55 55 54 57
69 57 55 55 55 56
69 57 55 55 56 55
69 57 55 55 57 54
69 57 55 56 54 56
69 57 55 56 55 55
69 57 55 56 56 54
69 57 55 56 57 53
69 57 55 57 53 56
69 57 55 57 54 55
69 57 55 57 55 54
69 57 55 57 56 53
69 57 55 57 57 52
69 57 55 58 53 55
69 57 55 58 55 53
69 57 56 52 55 58
69 57 56 53 54 58
69 57 56 53 56 56
69 57 56 53 57 55
69 57 56 54 54 57
69 57 56 54 55 56
69 57 56 54 56 55
69 57 56 54 57 54
69 57 56 55 53 57
69 57 56 55 55 55
69 57 56 55 56 54
69 57 56 55 57 53
69 57 56 56 52 57
69 57 56 56 56 53
69 57 56 56 57 52
69 57 56 57 52 56
69 57 56 57 53 55
69 57 56 57 56 52
69 57 56 58 52 55
69 57 56 58 53 54
69 57 56 58 54 53
69 57 57 52 56 56
69 57 57 53 54 57
69 57 57 53 56 55
69 57 57 54 54 56
69 57 57 54 55 55
69 57 57 54 56 54
69 57 57 54 57 53
69 57 57 55 53 56
69 57 57 55 54 55
69 57 57 55 55 54
69 57 57 56 52 56
69 57 57 56 53 55
69 57 57 56 54 54
69 57 57 56 55 53
69 57 57 57 52 55
69 57 57 57 53 54
69 57 57 57 54 53
69 57 57 57 55 52
69 57 58 53 55 55
69 57 58 53 56 54
69 57 58 54 54 55
69 57 58 54 55 54
69 57 58 55 53 55
69 57 58 55 55 53
69 57 58 55 56 52
69 57 58 56 53 54
69 57 58 56 54 53
69 57 58 56 55 52
69 57 58 57 53 53
69 57 59 54 54 54
69 57 59 55 54 53
69 58 53 53 55 59
69 58 53 53 56 58
69 58 53 53 57 57
69 58 53 54 55 58
69 58 53 54 56 57
69 58 53 55 55 57
69 58 53 55 56 56
69 58 53 55 57 55
69 58 53 56 56 55
69 58 53 56 57 54
69 58 54 52 56 58
69 58 54 53 54 59
69 58 54 53 56 57
69 58 54 53 57 56
69 58 54 54 54 58
69 58 54 54 56 56
69 58 54 54 57 55
69 58 54 55 54 57
69 58 54 55 55 56
69 58 54 56 54 56
69 58 54 56 55 55
69 58 54 56 56 54
69 58 54 56 57 53
69 58 54 57 56 53
69 58 55 52 55 58
69 58 55 52 56 57
69 58 55 53 54 58
69 58 55 53 55 57
69 58 55 53 56 56
69 58 55 54 54 57
69 58 55 54 55 56
69 58 55 54 56 55
69 58 55 54 57 54
69 58 55 55 53 57
69 58 55 55 54 56
69 58 55 55 56 54
69 58 55 55 57 53
69 58 55 56 53 56
69 58 55 56 54 55
69 58 55 56 55 54
69 58 55 56 56 53
69 58 55 56 57 52
69 58 55 57 55 53
69 58 55 57 56 52
69 58 56 52 55 57
69 58 56 53 55 56
69 58 56 53 56 55
69 58 56 54 53 57
69 58 56 54 54 56
69 58 56 54 55 55
69 58 56 54 56 54
69 58 56 55 53 56
69 58 56 55 54 55
69 58 56 55 55 54
69 58 56 55 56 53
69 58 56 56 52 56
69 58 56 56 53 55
69 58 56 56 55 53
69 58 56 56 56 52
69 58 56 57 53 54
69 58 56 57 54 53
69 58 56 57 55 52
69 58 57 53 54 56
69 58 57 54 53 56
69 58 57 54 54 55
69 58 57 54 55 54
69 58 57 54 56 53
69 58 57 55 53 55
69 58 57 55 55 53
69 58 57 55 56 52
69 58 57 56 52 55
69 58 57 56 53 54
69 58 57 56 54 53
69 58 57 56 55 52
69 58 57 57 52 54
69 58 57 57 54 52
69 58 58 54 54 54
69 58 58 54 55 53
69 58 58 55 53 54
69 58 58 55 55 52
69 58 58 56 53 53
69 58 58 56 54 52
69 59 54 53 55 57
69 59 54 54 54 57
69 59 54 54 56 55
69 59 54 55 56 54
69 59 55 54 55 55
69 59 55 54 56 54
69 59 55 55 53 56
69 59 55 55 54 55
69 59 55 55 56 53
69 59 55 56 54 54
69 59 56 53 54 56
69 59 56 53 55 55
69 59 56 54 54 55
69 59 56 54 55 54
69 59 56 55 55 53
69 59 56 56 53 54
69 59 56 56 54 53
69 59 56 56 55 52
69 59 57 54 53 55
69 59 57 54 54 54
69 59 57 55 54 53
69 59 57 55 55 52
69 59 57 56 53 53
69 59 58 54 54 53
69 59 58 55 53 53
71 51 57 56 57 56
71 51 57 57 56 56
71 51 58 54 58 56
71 51 58 56 55 57
71 51 58 56 56 56
71 51 58 56 57 55
71 51 58 57 55 56
71 51 59 54 57 56
71 51 59 54 58 55
71 51 59 55 56 56
71 52 55 56 58 56
71 52 55 56 59 55
71 52 55 57 57 56
71 52 55 57 58 55
71 52 55 58 54 58
71 52 55 58 55 57
71 52 55 58 56 56
71 52 56 55 56 58
71 52 56 55 57 57
71 52 56 55 58 56
71 52 56 55 59 55
71 52 56 56 55 58
71 52 56 56 57 56
71 52 56 56 58 55
71 52 56 56 59 54
71 52 56 57 54 58
71 52 56 57 56 56
71 52 56 58 53 58
71 52 56 58 54 57
71 52 56 58 55 56
71 52 56 58 56 55
71 52 56 59 53 57
71 52 56 59 54 56
71 52 57 53 58 57
71 52 57 54 56 58
71 52 57 54 57 57
71 52 57 55 55 58
71 52 57 55 58 55
71 52 57 55 59 54
71 52 57 56 54 58
71 52 57 56 57 55
71 52 57 57 56 55
71 52 57 57 57 54
71 52 57 58 53 57
71 52 57 58 54 56
71 52 57 58 55 55
71 52 58 53 57 57
71 52 58 53 58 56
71 52 58 53 59 55
71 52 58 54 57 56
71 52 58 54 58 55
71 52 58 54 59 54
71 52 58 55 55 57
71 52 58 55 56 56
71 52 58 55 57 55
71 52 58 55 58 54
71 52 58 56 54 57
71 52 58 57 53 57
71 52 58 57 54 56
71 52 58 57 55 55
71 52 59 53 57 56
71 52 59 54 55 57
71 52 59 54 57 55
71 52 59 54 58 54
71 52 59 55 56 55
71 52 59 55 57 54
71 52 59 56 54 56
71 52 59 56 55 55
71 52 60 53 57 55
71 52 60 54 56 55
71 53 53 57 58 56
71 53 53 58 56 57
71 53 53 58 57 56
71 53 53 58 58 55
71 53 53 59 56 56
71 53 54 56 56 58
71 53 54 56 57 57
71 53 54 56 58 56
71 53 54 56 59 55
71 53 54 57 54 59
71 53 54 57 56 57
71 53 54 57 57 56
71 53 54 57 58 55
71 53 54 57 59 54
71 53 54 58 55 57
71 53 54 58 56 56
71 53 54 58 58 54
71 53 54 59 53 58
71 53 54 59 54 57
71 53 54 59 55 56
71 53 54 59 56 55
71 53 54 59 57 54
71 53 54 60 53 57
71 53 54 60 54 56
71 53 54 60 55 55
71 53 55 54 59 56
71 53 55 55 56 58
71 53 55 55 60 54
71 53 55 56 55 58
71 53 55 56 56 57
71 53 55 56 58 55
71 53 55 56 59 54
71 53 55 57 54 58
71 53 55 57 58 54
71 53 55 58 52 59
71 53 55 58 54 57
71 53 55 58 55 56
71 53 55 59 54 56
71 53 55 60 52 57
71 53 56 53 57 58
71 53 56 53 58 57
71 53 56 53 59 56
71 53 56 54 55 59
71 53 56 54 56 58
71 53 56 54 58 56
71 53 56 55 54 59
71 53 56 55 55 58
71 53 56 55 57 56
71 53 56 55 58 55
71 53 56 55 59 54
71 53 56 56 53 59
71 53 56 56 54 58
71 53 56 56 55 57
71 53 56 56 56 56
71 53 56 56 57 55
71 53 56 56 58 54
71 53 56 56 59 53
71 53 56 57 53 58
71 53 56 57 54 57
71 53 56 57 56 55
71 53 56 57 57 54
71 53 56 57 58 53
71 53 56 58 52 58
71 53 56 58 53 57
71 53 56 58 54 56
71 53 56 58 55 55
71 53 56 58 56 54
71 53 56 59 52 57
71 53 56 59 53 56
71 53 57 52 57 58
71 53 57 53 56 58
71 53 57 53 58 56
71 53 57 54 56 57
71 53 57 54 58 55
71 53 57 54 59 54
71 53 57 55 54 58
71 53 57 55 56 56
71 53 57 56 53 58
71 53 57 56 55 56
71 53 57 56 56 55
71 53 57 56 57 54
71 53 57 56 58 53
71 53 57 57 52 58
71 53 57 57 54 56
71 53 57 58 52 57
71 53 57 58 53 56
71 53 57 58 54 55
71 53 57 58 55 54
71 53 58 52 57 57
71 53 58 52 58 56
71 53 58 53 55 58
71 53 58 53 56 57
71 53 58 53 57 56
71 53 58 54 57 55
71 53 58 55 54 57
71 53 58 55 56 55
71 53 58 55 57 54
71 53 58 55 58 53
71 53 58 56 53 57
71 53 58 56 55 55
71 53 58 56 56 54
71 53 58 56 57 53
71 53 58 57 53 56
71 53 58 57 54 55
71 53 58 58 53 55
71 53 59 52 57 56
71 53 59 53 56 56
71 53 59 53 58 54
71 53 59 54 55 56
71 53 59 54 56 55
71 53 59 55 54 56
71 53 59 55 56 54
71 53 59 56 55 54
71 53 60 53 57 54
71 53 60 54 55 55
71 53 60 54 56 54
71 54 52 57 57 57
71 54 52 57 59 55
71 54 52 58 58 55
71 54 52 58 59 54
71 54 52 59 56 56
71 54 52 59 57 55
71 54 52 59 58 54
71 54 53 55 57 58
71 54 53 55 59 56
71 54 53 56 56 58
71 54 53 56 58 56
71 54 53 56 59 55
71 54 53 56 60 54
71 54 53 57 54 59
71 54 53 57 56 57
71 54 53 57 57 56
71 54 53 57 58 55
71 54 53 57 60 53
71 54 53 58 54 58
71 54 53 58 55 57
71 54 53 58 56 56
71 54 53 58 59 53
71 54 53 59 54 57
71 54 53 59 55 56
71 54 53 59 56 55
71 54 53 59 57 54
71 54 53 60 55 55
71 54 54 54 56 59
71 54 54 54 57 58
71 54 54 54 59 56
71 54 54 55 55 59
71 54 54 55 56 58
71 54 54 55 57 57
71 54 54 55 60 54
71 54 54 56 55 58
71 54 54 56 56 57
71 54 54 56 57 56
71 54 54 56 59 54
71 54 54 56 60 53
71 54 54 57 53 59
71 54 54 57 54 58
71 54 54 57 57 55
71 54 54 57 59 53
71 54 54 58 52 59
71 54 54 58 55 56
71 54 54 58 56 55
71 54 54 58 57 54
71 54 54 59 52 58
71 54 54 59 54 56
71 54 54 59 55 55
71 54 54 59 57 53
71 54 54 60 53 56
71 54 54 60 54 55
71 54 55 53 56 59
71 54 55 53 57 58
71 54 55 53 58 57
71 54 55 53 59 56
71 54 55 54 55 59
71 54 55 54 56 58
71 54 55 54 57 57
71 54 55 54 58 56
71 54 55 54 59 55
71 54 55 55 54 59
71 54 55 55 55 58
71 54 55 55 56 57
71 54 55 55 59 54
71 54 55 55 60 53
71 54 55 56 54 58
71 54 55 56 55 57
71 54 55 56 56 56
71 54 55 56 57 55
71 54 55 56 58 54
71 54 55 56 59 53
71 54 55 57 53 58
71 54 55 57 54 57
71 54 55 57 55 56
71 54 55 57 58 53
71 54 55 58 52 58
71 54 55 58 53 57
71 54 55 58 54 56
71 54 55 58 55 55
71 54 55 58 56 54
71 54 55 59 51 58
71 54 55 59 52 57
71 54 55 59 53 56
71 54 55 59 54 55
71 54 55 59 55 54
71 54 55 60 52 56
71 54 55 60 53 55
71 54 56 52 56 59
71 54 56 52 57 58
71 54 56 52 58 57
71 54 56 53 58 56
71 54 56 54 54 59
71 54 56 54 57 56
71 54 56 54 58 55
71 54 56 55 53 59
71 54 56 55 54 58
71 54 56 55 55 57
71 54 56 55 56 56
71 54 56 55 57 55
71 54 56 55 58 54
71 54 56 55 59 53
71 54 56 56 53 58
71 54 56 56 54 57
71 54 56 56 56 55
71 54 56 56 58 53
71 54 56 57 54 56
71 54 56 57 56 54
71 54 56 57 57 53
71 54 56 58 51 58
71 54 56 58 52 57
71 54 56 58 54 55
71 54 56 58 55 54
71 54 56 58 56 53
71 54 56 59 51 57
71 54 56 59 53 55
71 54 56 59 54 54
71 54 57 52 56 58
71 54 57 52 58 56
71 54 57 53 55 58
71 54 57 53 56 57
71 54 57 53 57 56
71 54 57 53 58 55
71 54 57 53 59 54
71 54 57 54 55 57
71 54 57 54 56 56
71 54 57 54 57 55
71 54 57 54 58 54
71 54 57 54 59 53
71 54 57 55 54 57
71 54 57 55 55 56
71 54 57 55 56 55
71 54 57 55 57 54
71 54 57 56 55 55
71 54 57 56 56 54
71 54 57 56 57 53
71 54 57 57 52 57
71 54 57 57 53 56
71 54 57 57 54 55
71 54 57 57 55 54
71 54 57 57 56 53
71 54 57 58 54 54
71 54 57 59 52 55
71 54 58 52 56 57
71 54 58 52 57 56
71 54 58 52 58 55
71 54 58 53 55 57
71 54 58 53 56 56
71 54 58 53 57 55
71 54 58 54 54 57
71 54 58 54 55 56
71 54 58 54 56 55
71 54 58 54 58 53
71 54 58 55 54 56
71 54 58 55 55 55
71 54 58 55 57 53
71 54 58 56 53 56
71 54 58 56 56 53
71 54 58 57 52 56
71 54 59 52 56 56
71 54 59 53 56 55
71 54 59 53 57 54
71 54 59 54 54 56
71 54 59 54 55 55
71 54 59 54 56 54
71 54 59 54 57 53
71 54 59 55 54 55
71 54 59 55 56 53
71 54 59 56 53 55
71 54 59 56 54 54
71 54 60 53 56 54
71 54 60 54 55 54
71 55 51 57 58 56
71 55 51 58 59 54
71 55 52 55 57 58
71 55 52 55 58 57
71 55 52 55 59 56
71 55 52 56 56 58
71 55 52 56 57 57
71 55 52 56 59 55
71 55 52 56 60 54
71 55 52 57 57 56
71 55 52 57 58 55
71 55 52 57 59 54
71 55 52 57 60 53
71 55 52 58 55 57
71 55 52 58 56 56
71 55 52 58 57 55
71 55 52 58 58 54
71 55 52 59 55 56
71 55 52 59 56 55
71 55 52 59 58 53
71 55 53 53 58 58
71 55 53 54 57 58
71 55 53 54 58 57
71 55 53 55 54 60
71 55 53 55 56 58
71 55 53 55 58 56
71 55 53 55 60 54
71 55 53 56 54 59
71 55 53 56 56 57
71 55 53 56 57 56
71 55 53 56 58 55
71 55 53 56 59 54
71 55 53 57 56 56
71 55 53 57 58 54
71 55 53 58 53 58
71 55 53 58 54 57
71 55 53 58 55 56
71 55 53 58 56 55
71 55 53 58 57 54
71 55 53 59 54 56
71 55 54 52 57 59
71 55 54 53 55 60
71 55 54 53 56 59
71 55 54 53 59 56
71 55 54 54 54 60
71 55 54 54 55 59
71 55 54 54 56 58
71 55 54 54 57 57
71 55 54 54 59 55
71 55 54 55 53 60
71 55 54 55 54 59
71 55 54 55 55 58
71 55 54 55 57 56
71 55 54 55 58 55
71 55 54 55 59 54
71 55 54 56 53 59
71 55 54 56 54 58
71 55 54 56 56 56
71 55 54 56 57 55
71 55 54 56 58 54
71 55 54 56 59 53
71 55 54 57 52 59
71 55 54 57 54 57
71 55 54 57 55 56
71 55 54 57 56 55
71 55 54 57 57 54
71 55 54 57 58 53
71 55 54 58 52 58
71 55 54 58 53 57
71 55 54 58 56 54
71 55 54 58 57 53
71 55 54 58 58 52
71 55 54 59 52 57
71 55 54 59 53 56
71 55 54 59 55 54
71 55 55 52 57 58
71 55 55 52 58 57
71 55 55 53 58 56
71 55 55 54 55 58
71 55 55 54 56 57
71 55 55 54 57 56
71 55 55 54 58 55
71 55 55 54 59 54
71 55 55 55 56 56
71 55 55 55 58 54
71 55 55 56 52 59
71 55 55 56 53 58
71 55 55 56 54 57
71 55 55 56 55 56
71 55 55 56 56 55
71 55 55 56 57 54
71 55 55 56 58 53
71 55 55 57 52 58
71 55 55 57 54 56
71 55 55 57 56 54
71 55 55 57 58 52
71 55 55 58 52 57
71 55 55 58 53 56
71 55 55 58 54 55
71 55 55 58 55 54
71 55 55 58 56 53
71 55 55 59 52 56
71 55 55 59 54 54
71 55 56 51 57 58
71 55 56 52 55 59
71 55 56 52 58 56
71 55 56 53 54 59
71 55 56 53 55 58
71 55 56 53 56 57
71 55 56 53 57 56
71 55 56 53 58 55
71 55 56 54 55 57
71 55 56 54 57 55
71 55 56 54 58 54
71 55 56 55 55 56
71 55 56 55 56 55
71 55 56 56 52 58
71 55 56 56 53 57
71 55 56 56 54 56
71 55 56 56 55 55
71 55 56 56 56 54
71 55 56 56 58 52
71 55 56 57 53 56
71 55 56 57 54 55
71 55 56 57 55 54
71 55 56 57 56 53
71 55 56 58 52 56
71 55 56 58 54 54
71 55 56 58 55 53
71 55 56 59 51 56
71 55 56 59 53 54
71 55 57 51 56 58
71 55 57 52 55 58
71 55 57 54 54 57
71 55 57 54 56 55
71 55 57 55 54 56
71 55 57 55 56 54
71 55 57 56 52 57
71 55 57 56 54 55
71 55 57 56 57 52
71 55 57 57 54 54
71 55 57 58 52 55
71 55 57 58 53 54
71 55 58 52 55 57
71 55 58 52 56 56
71 55 58 52 57 55
71 55 58 53 54 57
71 55 58 53 55 56
71 55 58 53 56 55
71 55 58 53 57 54
71 55 58 54 54 56
71 55 58 54 55 55
71 55 58 54 56 54
71 55 58 54 57 53
71 55 58 55 53 56
71 55 58 55 54 55
71 55 58 55 56 53
71 55 58 55 57 52
71 55 58 56 52 56
71 55 58 56 53 55
71 55 58 56 54 54
71 55 58 56 56 52
71 55 58 57 52 55
71 55 58 57 53 54
71 55 59 53 56 54
71 55 59 54 54 55
71 55 59 54 55 54
71 55 59 54 56 53
71 55 59 55 54 54
71 55 59 55 56 52
71 55 59 56 53 54
71 55 59 56 54 53
71 55 60 53 55 54
71 55 60 54 55 53
71 56 51 55 58 57
71 56 51 56 57 57
71 56 51 56 58 56
71 56 51 56 59 55
71 56 51 57 57 56
71 56 51 57 59 54
71 56 51 58 58 54
71 56 52 54 56 59
71 56 52 54 57 58
71 56 52 54 58 57
71 56 52 54 59 56
71 56 52 55 56 58
71 56 52 56 55 58
71 56 52 56 56 57
71 56 52 56 58 55
71 56 52 57 55 57
71 56 52 57 56 56
71 56 52 57 58 54
71 56 52 57 59 53
71 56 52 58 55 56
71 56 52 58 56 55
71 56 52 58 58 53
71 56 53 53 56 59
71 56 53 53 57 58
71 56 53 53 58 57
71 56 53 54 54 60
71 56 53 54 55 59
71 56 53 54 56 58
71 56 53 54 57 57
71 56 53 54 59 55
71 56 53 55 54 59
71 56 53 55 55 58
71 56 53 55 57 56
71 56 53 55 59 54
71 56 53 56 53 59
71 56 53 56 54 58
71 56 53 56 56 56
71 56 53 56 57 55
71 56 53 56 59 53
71 56 53 57 53 58
71 56 53 57 54 57
71 56 53 57 56 55
71 56 53 57 58 53
71 56 53 57 59 52
71 56 53 58 53 57
71 56 53 58 54 56
71 56 53 58 56 54
71 56 53 58 57 53
71 56 53 58 58 52
71 56 53 59 55 54
71 56 53 59 56 53
71 56 54 52 55 60
71 56 54 52 58 57
71 56 54 53 54 60
71 56 54 53 55 59
71 56 54 53 57 57
71 56 54 53 58 56
71 56 54 54 54 59
71 56 54 54 55 58
71 56 54 54 56 57
71 56 54 54 58 55
71 56 54 54 59 54
71 56 54 55 53 59
71 56 54 55 54 58
71 56 54 55 55 57
71 56 54 55 57 55
71 56 54 55 58 54
71 56 54 56 52 59
71 56 54 56 53 58
71 56 54 56 55 56
71 56 54 56 56 55
71 56 54 56 57 54
71 56 54 56 58 53
71 56 54 56 59 52
71 56 54 57 53 57
71 56 54 57 54 56
71 56 54 57 56 54
71 56 54 57 57 53
71 56 54 57 58 52
71 56 54 58 53 56
71 56 54 58 55 54
71 56 54 58 56 53
71 56 54 58 57 52
71 56 54 59 53 55
71 56 54 59 54 54
71 56 54 59 55 53
71 56 55 51 56 59
71 56 55 52 55 59
71 56 55 52 56 58
71 56 55 52 58 56
71 56 55 53 54 59
71 56 55 53 55 58
71 56 55 53 56 57
71 56 55 53 58 55
71 56 55 54 53 59
71 56 55 54 55 57
71 56 55 54 56 56
71 56 55 54 57 55
71 56 55 54 58 54
71 56 55 55 52 59
71 56 55 55 53 58
71 56 55 55 54 57
71 56 55 55 55 56
71 56 55 55 56 55
71 56 55 55 58 53
71 56 55 56 52 58
71 56 55 56 53 57
71 56 55 56 54 56
71 56 55 56 55 55
71 56 55 56 58 52
71 56 55 57 52 57
71 56 55 57 53 56
71 56 55 57 54 55
71 56 55 57 55 54
71 56 55 57 56 53
71 56 55 58 51 57
71 56 55 58 53 55
71 56 55 58 55 53
71 56 55 58 56 52
71 56 55 59 52 55
71 56 55 59 54 53
71 56 56 51 56 58
71 56 56 53 54 58
71 56 56 53 55 57
71 56 56 53 56 56
71 56 56 53 57 55
71 56 56 53 58 54
71 56 56 54 53 58
71 56 56 54 54 57
71 56 56 54 55 56
71 56 56 54 56 55
71 56 56 54 57 54
71 56 56 54 58 53
71 56 56 55 52 58
71 56 56 55 54 56
71 56 56 55 55 55
71 56 56 55 56 54
71 56 56 55 57 53
71 56 56 55 58 52
71 56 56 56 52 57
71 56 56 56 53 56
71 56 56 56 55 54
71 56 56 56 56 53
71 56 56 56 57 52
71 56 56 57 51 57
71 56 56 57 53 55
71 56 56 58 51 56
71 56 56 58 54 53
71 56 56 58 55 52
71 56 56 59 52 54
71 56 57 51 56 57
71 56 57 52 55 57
71 56 57 52 56 56
71 56 57 53 55 56
71 56 57 53 57 54
71 56 57 54 53 57
71 56 57 54 54 56
71 56 57 54 57 53
71 56 57 55 53 56
71 56 57 55 54 55
71 56 57 55 55 54
71 56 57 55 56 53
71 56 57 56 53 55
71 56 57 56 54 54
71 56 57 56 55 53
71 56 57 56 56 52
71 56 57 57 55 52
71 56 57 58 51 55
71 56 57 58 52 54
71 56 57 58 53 53
71 56 58 52 55 56
71 56 58 52 56 55
71 56 58 53 54 56
71 56 58 53 56 54
71 56 58 53 57 53
71 56 58 54 53 56
71 56 58 54 54 55
71 56 58 54 55 54
71 56 58 54 56 53
71 56 58 55 53 55
71 56 58 55 54 54
71 56 58 55 55 53
71 56 58 55 56 52
71 56 58 56 52 55
71 56 58 56 53 54
71 56 58 56 54 53
71 56 58 56 55 52
71 56 58 57 52 54
71 56 58 57 53 53
71 56 59 53 55 54
71 56 59 53 56 53
71 56 59 54 55 53
71 56 59 54 56 52
71 56 59 55 55 52
71 56 59 56 53 53
71 57 51 55 58 56
71 57 52 53 56 59
71 57 52 53 57 58
71 57 52 53 58 57
71 57 52 54 56 58
71 57 52 54 58 56
71 57 52 55 55 58
71 57 52 55 58 55
71 57 52 55 59 54
71 57 52 57 56 55
71 57 52 57 57 54
71 57 52 57 58 53
71 57 52 58 57 53
71 57 53 52 55 60
71 57 53 52 56 59
71 57 53 52 57 58
71 57 53 53 54 60
71 57 53 53 56 58
71 57 53 53 58 56
71 57 53 54 54 59
71 57 53 54 55 58
71 57 53 54 56 57
71 57 53 54 58 55
71 57 53 55 54 58
71 57 53 55 56 56
71 57 53 56 53 58
71 57 53 56 54 57
71 57 53 56 55 56
71 57 53 56 57 54
71 57 53 56 58 53
71 57 53 57 54 56
71 57 53 57 58 52
71 57 53 58 56 53
71 57 54 51 56 59
71 57 54 52 55 59
71 57 54 52 56 58
71 57 54 52 57 57
71 57 54 53 55 58
71 57 54 54 53 59
71 57 54 54 55 57
71 57 54 54 56 56
71 57 54 54 57 55
71 57 54 54 58 54
71 57 54 55 53 58
71 57 54 55 55 56
71 57 54 55 56 55
71 57 54 55 57 54
71 57 54 55 58 53
71 57 54 56 53 57
71 57 54 56 54 56
71 57 54 56 55 55
71 57 54 56 57 53
71 57 54 56 58 52
71 57 54 57 52 57
71 57 54 57 54 55
71 57 54 57 55 54
71 57 54 58 55 53
71 57 54 58 56 52
71 57 55 52 54 59
71 57 55 52 55 58
71 57 55 52 57 56
71 57 55 53 54 58
71 57 55 53 56 56
71 57 55 54 53 58
71 57 55 54 54 57
71 57 55 54 55 56
71 57 55 54 57 54
71 57 55 54 58 53
71 57 55 55 52 58
71 57 55 55 56 54
71 57 55 55 58 52
71 57 55 56 53 56
71 57 55 56 55 54
71 57 55 56 56 53
71 57 55 57 52 56
71 57 55 57 54 54
71 57 55 58 52 55
71 57 55 58 53 54
71 57 55 58 55 52
71 57 56 51 55 58
71 57 56 51 56 57
71 57 56 52 55 57
71 57 56 52 56 56
71 57 56 53 53 58
71 57 56 53 54 57
71 57 56 53 55 56
71 57 56 53 57 54
71 57 56 54 53 57
71 57 56 54 55 55
71 57 56 54 56 54
71 57 56 55 52 57
71 57 56 55 54 55
71 57 56 55 55 54
71 57 56 55 56 53
71 57 56 55 57 52
71 57 56 56 52 56
71 57 56 56 54 54
71 57 56 56 55 53
71 57 56 56 57 51
71 57 56 57 51 56
71 57 56 57 53 54
71 57 56 57 54 53
71 57 56 58 51 55
71 57 56 58 52 54
71 57 56 58 53 53
71 57 56 58 54 52
71 57 57 52 54 57
71 57 57 52 56 55
71 57 57 53 54 56
71 57 57 53 56 54
71 57 57 54 53 56
71 57 57 54 55 54
71 57 57 54 56 53
71 57 57 54 57 52
71 57 57 55 54 54
71 57 57 55 56 52
71 57 57 56 53 54
71 57 57 56 56 51
71 57 57 57 54 52
71 57 57 58 52 53
71 57 58 53 56 53
71 57 58 54 54 54
71 57 58 55 53 54
71 57 58 55 54 53
71 57 58 55 55 52
71 57 58 56 52 54
71 57 58 56 53 53
71 57 58 57 53 52
71 57 59 53 54 54
71 57 59 54 53 54
71 57 59 54 54 53
71 57 59 54 55 52
71 58 52 53 56 58
71 58 52 54 55 58
71 58 52 54 56 57
71 58 52 54 57 56
71 58 52 55 56 56
71 58 52 55 57 55
71 58 52 56 56 55
71 58 52 56 57 54
71 58 53 52 56 58
71 58 53 52 57 57
71 58 53 53 54 59
71 58 53 53 56 57
71 58 53 53 57 56
71 58 53 54 55 57
71 58 53 54 56 56
71 58 53 54 57 55
71 58 53 55 55 56
71 58 53 55 56 55
71 58 53 55 58 53
71 58 53 56 54 56
71 58 53 56 55 55
71 58 53 56 56 54
71 58 53 56 57 53
71 58 53 57 56 53
71 58 53 57 57 52
71 58 54 51 55 59
71 58 54 51 56 58
71 58 54 52 54 59
71 58 54 52 55 58
71 58 54 53 55 57
71 58 54 53 56 56
71 58 54 54 53 58
71 58 54 54 54 57
71 58 54 54 55 56
71 58 54 54 56 55
71 58 54 55 54 56
71 58 54 55 55 55
71 58 54 55 57 53
71 58 54 56 53 56
71 58 54 56 54 55
71 58 54 56 55 54
71 58 54 56 57 52
71 58 54 57 53 55
71 58 54 57 54 54
71 58 54 57 55 53
71 58 54 57 56 52
71 58 55 52 54 58
71 58 55 52 55 57
71 58 55 52 56 56
71 58 55 53 53 58
71 58 55 53 55 56
71 58 55 54 54 56
71 58 55 55 54 55
71 58 55 55 55 54
71 58 55 55 56 53
71 58 55 55 57 52
71 58 55 56 52 56
71 58 55 56 53 55
71 58 55 56 54 54
71 58 55 56 57 51
71 58 55 57 52 55
71 58 55 57 53 54
71 58 55 57 55 52
71 58 55 57 56 51
71 58 55 58 53 53
71 58 56 52 55 56
71 58 56 52 56 55
71 58 56 53 53 57
71 58 56 53 54 56
71 58 56 53 55 55
71 58 56 53 56 54
71 58 56 54 53 56
71 58 56 54 54 55
71 58 56 54 56 53
71 58 56 55 52 56
71 58 56 55 53 55
71 58 56 55 54 54
71 58 56 55 55 53
71 58 56 56 52 55
71 58 56 56 53 54
71 58 56 56 55 52
71 58 56 56 56 51
71 58 56 57 52 54
71 58 56 57 53 53
71 58 57 52 55 55
71 58 57 53 53 56
71 58 57 53 54 55
71 58 57 53 55 54
71 58 57 53 56 53
71 58 57 54 53 55
71 58 57 54 55 53
71 58 57 55 52 55
71 58 57 55 53 54
71 58 57 55 54 53
71 58 57 55 55 52
71 58 57 55 56 51
71 58 57 56 52 54
71 58 57 56 53 53
71 58 57 56 54 52
71 58 57 57 52 53
71 58 57 57 53 52
71 58 58 53 54 54
71 58 58 53 55 53
71 58 58 54 55 52
71 58 58 55 52 54
71 58 58 55 54 52
71 58 58 56 52 53
71 58 58 56 53 52
71 58 58 56 54 51
71 58 59 54 54 52
71 58 59 55 53 52
71 59 53 52 55 58
71 59 53 53 56 56
71 59 53 54 54 57
71 59 53 54 56 55
71 59 53 55 56 54
71 59 54 52 54 58
71 59 54 53 54 57
71 59 54 53 56 55
71 59 54 54 53 57
71 59 54 54 55 55
71 59 54 54 56 54
71 59 54 55 54 55
71 59 54 55 55 54
71 59 54 56 54 54
71 59 54 56 55 53
71 59 54 56 56 52
71 59 55 52 54 57
71 59 55 52 55 56
71 59 55 53 54 56
71 59 55 54 53 56
71 59 55 54 54 55
71 59 55 54 56 53
71 59 55 55 54 54
71 59 55 55 56 52
71 59 55 56 54 53
71 59 55 57 54 52
71 59 56 52 54 56
71 59 56 52 55 55
71 59 56 53 53 56
71 59 56 53 54 55
71 59 56 53 55 54
71 59 56 54 53 55
71 59 56 54 54 54
71 59 56 54 55 53
71 59 56 55 53 54
71 59 56 55 54 53
71 59 56 55 55 52
71 59 56 56 52 54
71 59 56 56 53 53
71 59 56 56 55 51
71 59 57 53 54 54
71 59 57 54 53 54
71 59 57 54 55 52
71 59 57 55 54 52
71 59 57 56 52 53
71 59 57 56 53 52
71 59 57 56 54 51
71 59 58 54 53 53
71 59 58 54 54 52
71 59 58 55 54 51
71 60 55 53 54 55
71 60 55 54 53 55
71 60 55 54 54 54
71 60 55 55 54 53
71 60 56 54 53 54
71 60 56 54 54 53
71 60 56 55 54 52
71 60 57 54 53 53
71 60 57 55 53 52
73 51 56 56 56 57
73 51 56 56 57 56
73 51 56 57 56 56
73 51 56 58 54 57
73 51 57 54 58 56
73 51 57 55 57 56
73 51 57 55 58 55
73 51 57 56 55 57
73 51 57 56 56 56
73 51 57 57 54 57
73 51 58 54 57 56
73 51 58 54 58 55
73 51 58 55 55 57
73 51 58 55 56 56
73 51 58 55 57 55
73 51 58 56 54 57
73 51 58 56 55 56
73 51 58 56 56 55
73 51 58 57 54 56
73 51 59 54 56 56
73 51 59 54 57 55
73 51 59 55 55 56
73 51 59 55 56 55
73 52 54 56 58 56
73 52 54 57 57 56
73 52 54 57 58 55
73 52 54 58 54 58
73 52 54 58 55 57
73 52 54 58 56 56
73 52 54 59 54 57
73 52 54 59 55 56
73 52 55 55 58 56
73 52 55 55 59 55
73 52 55 56 55 58
73 52 55 56 56 57
73 52 55 57 54 58
73 52 55 57 55 57
73 52 55 57 56 56
73 52 55 57 57 55
73 52 55 57 58 54
73 52 55 58 54 57
73 52 55 58 57 54
73 52 55 59 53 57
73 52 55 59 54 56
73 52 55 59 55 55
73 52 56 54 56 58
73 52 56 54 57 57
73 52 56 55 55 58
73 52 56 55 56 57
73 52 56 55 57 56
73 52 56 55 59 54
73 52 56 56 54 58
73 52 56 56 56 56
73 52 56 56 57 55
73 52 56 57 54 57
73 52 56 57 56 55
73 52 56 57 57 54
73 52 56 58 52 58
73 52 56 58 53 57
73 52 56 58 54 56
73 52 56 59 52 57
73 52 56 59 54 55
73 52 57 53 58 56
73 52 57 53 59 55
73 52 57 54 55 58
73 52 57 54 57 56
73 52 57 54 58 55
73 52 57 55 54 58
73 52 57 55 55 57
73 52 57 55 56 56
73 52 57 55 57 55
73 52 57 56 54 57
73 52 57 56 56 55
73 52 57 57 55 55
73 52 57 58 52 57
73 52 57 58 53 56
73 52 57 58 54 55
73 52 58 52 57 57
73 52 58 52 58 56
73 52 58 53 56 57
73 52 58 53 57 56
73 52 58 54 57 55
73 52 58 54 58 54
73 52 58 55 54 57
73 52 58 55 55 56
73 52 58 55 56 55
73 52 58 55 57 54
73 52 58 56 54 56
73 52 58 57 54 55
73 52 59 52 57 56
73 52 59 53 57 55
73 52 59 53 58 54
73 52 59 54 55 56
73 52 59 54 57 54
73 52 59 55 54 56
73 52 59 55 56 54
73 52 59 56 54 55
73 53 53 56 56 58
73 53 53 56 58 56
73 53 53 57 56 57
73 53 53 57 57 56
73 53 53 57 58 55
73 53 53 57 59 54
73 53 53 58 54 58
73 53 53 58 56 56
73 53 53 58 57 55
73 53 53 58 58 54
73 53 53 59 54 57
73 53 53 59 55 56
73 53 53 59 56 55
73 53 54 54 57 58
73 53 54 54 58 57
73 53 54 54 59 56
73 53 54 55 55 59
73 53 54 55 57 57
73 53 54 55 58 56
73 53 54 55 59 55
73 53 54 55 60 54
73 53 54 56 54 59
73 53 54 56 55 58
73 53 54 56 56 57
73 53 54 56 58 55
73 53 54 57 56 56
73 53 54 57 59 53
73 53 54 58 54 57
73 53 54 58 55 56
73 53 54 58 57 54
73 53 54 58 58 53
73 53 54 59 52 58
73 53 54 59 55 55
73 53 54 59 56 54
73 53 54 60 53 56
73 53 54 60 54 55
73 53 55 53 58 57
73 53 55 54 55 59
73 53 55 54 56 58
73 53 55 54 57 57
73 53 55 54 58 56
73 53 55 54 59 55
73 53 55 55 55 58
73 53 55 55 56 57
73 53 55 55 57 56
73 53 55 55 58 55
73 53 55 55 59 54
73 53 55 56 54 58
73 53 55 56 56 56
73 53 55 56 59 53
73 53 55 57 52 59
73 53 55 57 55 56
73 53 55 58 53 57
73 53 55 58 54 56
73 53 55 58 55 55
73 53 55 59 52 57
73 53 55 59 54 55
73 53 55 59 55 54
73 53 56 53 55 59
73 53 56 53 56 58
73 53 56 53 57 57
73 53 56 54 54 59
73 53 56 54 55 58
73 53 56 54 58 55
73 53 56 54 59 54
73 53 56 55 54 58
73 53 56 55 55 57
73 53 56 55 56 56
73 53 56 55 57 55
73 53 56 55 58 54
73 53 56 55 59 53
73 53 56 56 54 57
73 53 56 56 55 56
73 53 56 56 56 55
73 53 56 56 57 54
73 53 56 56 58 53
73 53 56 57 52 58
73 53 56 57 55 55
73 53 56 57 56 54
73 53 56 57 57 53
73 53 56 58 52 57
73 53 56 58 55 54
73 53 56 58 56 53
73 53 56 59 53 55
73 53 57 53 55 58
73 53 57 54 55 57
73 53 57 54 58 54
73 53 57 55 53 58
73 53 57 55 55 56
73 53 57 55 57 54
73 53 57 55 58 53
73 53 57 56 53 57
73 53 57 56 54 56
73 53 57 56 56 54
73 53 57 56 57 53
73 53 57 58 52 56
73 53 57 58 53 55
73 53 58 52 56 57
73 53 58 52 57 56
73 53 58 53 55 57
73 53 58 53 57 55
73 53 58 54 55 56
73 53 58 54 56 55
73 53 58 54 57 54
73 53 58 54 58 53
73 53 58 55 54 56
73 53 58 55 55 55
73 53 58 55 57 53
73 53 58 56 53 56
73 53 58 56 55 54
73 53 58 56 56 53
73 53 58 57 53 55
73 53 59 52 57 55
73 53 59 53 55 56
73 53 59 54 57 53
73 53 59 55 54 55
73 53 59 55 55 54
73 53 59 56 53 55
73 53 59 56 54 54
73 53 60 53 56 54
73 53 60 54 55 54
73 54 52 56 59 55
73 54 52 57 55 58
73 54 52 57 56 57
73 54 52 57 58 55
73 54 52 57 59 54
73 54 52 58 55 57
73 54 52 58 58 54
73 54 52 58 59 53
73 54 52 59 56 55
73 54 53 54 59 56
73 54 53 55 55 59
73 54 53 55 56 58
73 54 53 55 58 56
73 54 53 55 59 55
73 54 53 55 60 54
73 54 53 56 54 59
73 54 53 56 56 57
73 54 53 56 57 56
73 54 53 56 60 53
73 54 53 57 54 58
73 54 53 57 56 56
73 54 53 57 57 55
73 54 53 57 58 54
73 54 53 58 53 58
73 54 53 58 56 55
73 54 53 58 57 54
73 54 53 59 53 57
73 54 53 59 55 55
73 54 53 59 56 54
73 54 53 60 54 55
73 54 54 53 59 56
73 54 54 54 55 59
73 54 54 54 57 57
73 54 54 54 58 56
73 54 54 54 59 55
73 54 54 55 55 58
73 54 54 55 56 57
73 54 54 55 57 56
73 54 54 55 58 55
73 54 54 55 59 54
73 54 54 55 60 53
73 54 54 56 53 59
73 54 54 56 54 58
73 54 54 56 55 57
73 54 54 56 57 55
73 54 54 56 58 54
73 54 54 57 53 58
73 54 54 57 54 57
73 54 54 57 56 55
73 54 54 57 57 54
73 54 54 57 58 53
73 54 54 57 59 52
73 54 54 58 52 58
73 54 54 58 53 57
73 54 54 58 54 56
73 54 54 58 55 55
73 54 54 58 56 54
73 54 54 58 58 52
73 54 54 59 52 57
73 54 54 59 54 55
73 54 54 59 56 53
73 54 54 60 53 55
73 54 55 52 56 59
73 54 55 52 57 58
73 54 55 52 58 57
73 54 55 53 55 59
73 54 55 53 56 58
73 54 55 53 58 56
73 54 55 54 54 59
73 54 55 54 55 58
73 54 55 54 57 56
73 54 55 54 58 55
73 54 55 55 53 59
73 54 55 55 54 58
73 54 55 55 56 56
73 54 55 55 57 55
73 54 55 55 58 54
73 54 55 55 59 53
73 54 55 56 53 58
73 54 55 56 54 57
73 54 55 56 56 55
73 54 55 56 58 53
73 54 55 56 59 52
73 54 55 57 52 58
73 54 55 57 54 56
73 54 55 57 55 55
73 54 55 57 56 54
73 54 55 57 58 52
73 54 55 58 51 58
73 54 55 58 52 57
73 54 55 58 53 56
73 54 55 58 54 55
73 54 55 58 55 54
73 54 55 58 56 53
73 54 55 59 51 57
73 54 55 59 54 54
73 54 55 59 55 53
73 54 56 51 57 58
73 54 56 52 55 59
73 54 56 52 56 58
73 54 56 52 57 57
73 54 56 52 58 56
73 54 56 53 54 59
73 54 56 53 56 57
73 54 56 53 57 56
73 54 56 53 58 55
73 54 56 53 59 54
73 54 56 54 53 59
73 54 56 54 54 58
73 54 56 54 55 57
73 54 56 54 57 55
73 54 56 54 58 54
73 54 56 54 59 53
73 54 56 55 53 58
73 54 56 55 54 57
73 54 56 55 57 54
73 54 56 56 55 55
73 54 56 56 57 53
73 54 56 56 58 52
73 54 56 57 51 58
73 54 56 57 52 57
73 54 56 57 54 55
73 54 56 57 55 54
73 54 56 57 56 53
73 54 56 58 51 57
73 54 56 58 53 55
73 54 56 59 51 56
73 54 56 59 52 55
73 54 57 51 56 58
73 54 57 51 57 57
73 54 57 52 55 58
73 54 57 52 57 56
73 54 57 52 58 55
73 54 57 54 53 58
73 54 57 54 54 57
73 54 57 54 55 56
73 54 57 54 56 55
73 54 57 54 57 54
73 54 57 54 58 53
73 54 57 55 53 57
73 54 57 55 56 54
73 54 57 56 52 57
73 54 57 56 54 55
73 54 57 56 55 54
73 54 57 56 57 52
73 54 57 57 53 55
73 54 57 57 54 54
73 54 57 57 55 53
73 54 57 58 54 53
73 54 58 51 57 56
73 54 58 52 55 57
73 54 58 52 56 56
73 54 58 52 57 55
73 54 58 52 58 54
73 54 58 53 56 55
73 54 58 53 57 54
73 54 58 53 58 53
73 54 58 54 53 57
73 54 58 54 55 55
73 54 58 54 56 54
73 54 58 55 53 56
73 54 58 55 54 55
73 54 58 55 55 54
73 54 58 55 56 53
73 54 58 55 57 52
73 54 58 56 52 56
73 54 58 56 53 55
73 54 58 56 54 54
73 54 58 56 55 53
73 54 58 56 56 52
73 54 58 57 52 55
73 54 58 57 54 53
73 54 59 52 55 56
73 54 59 52 56 55
73 54 59 52 57 54
73 54 59 53 55 55
73 54 59 53 57 53
73 54 59 54 54 55
73 54 59 54 55 54
73 54 59 55 53 55
73 54 59 55 54 54
73 54 59 55 55 53
73 54 59 56 53 54
73 54 59 56 54 53
73 54 60 53 55 54
73 54 60 54 55 53
73 55 51 56 58 56
73 55 51 56 59 55
73 55 51 57 58 55
73 55 51 57 59 54
73 55 51 58 57 55
73 55 51 58 58 54
73 55 52 54 56 59
73 55 52 54 57 58
73 55 52 54 58 57
73 55 52 54 59 56
73 55 52 55 55 59
73 55 52 55 57 57
73 55 52 56 56 57
73 55 52 56 57 56
73 55 52 56 58 55
73 55 52 57 55 57
73 55 52 57 56 56
73 55 52 57 57 55
73 55 52 57 58 54
73 55 52 57 59 53
73 55 52 58 54 57
73 55 52 58 57 54
73 55 52 59 55 55
73 55 52 59 57 53
73 55 53 53 56 59
73 55 53 53 57 58
73 55 53 53 58 57
73 55 53 53 59 56
73 55 53 54 54 60
73 55 53 54 55 59
73 55 53 54 59 55
73 55 53 55 54 59
73 55 53 55 55 58
73 55 53 55 56 57
73 55 53 55 58 55
73 55 53 56 53 59
73 55 53 56 56 56
73 55 53 56 58 54
73 55 53 57 53 58
73 55 53 57 56 55
73 55 53 57 58 53
73 55 53 57 59 52
73 55 53 58 53 57
73 55 53 58 54 56
73 55 53 58 55 55
73 55 53 58 56 54
73 55 53 59 54 55
73 55 53 59 55 54
73 55 54 52 56 59
73 55 54 52 58 57
73 55 54 53 54 60
73 55 54 53 56 58
73 55 54 53 57 57
73 55 54 53 58 56
73 55 54 53 59 55
73 55 54 54 53 60
73 55 54 54 54 59
73 55 54 54 55 58
73 55 54 54 56 57
73 55 54 54 57 56
73 55 54 54 58 55
73 55 54 54 59 54
73 55 54 55 53 59
73 55 54 55 54 58
73 55 54 55 55 57
73 55 54 55 56 56
73 55 54 55 58 54
73 55 54 55 59 53
73 55 54 56 52 59
73 55 54 56 53 58
73 55 54 56 54 57
73 55 54 56 55 56
73 55 54 56 57 54
73 55 54 56 58 53
73 55 54 56 59 52
73 55 54 57 53 57
73 55 54 57 54 56
73 55 54 57 55 55
73 55 54 57 56 54
73 55 54 57 58 52
73 55 54 58 52 57
73 55 54 58 54 55
73 55 54 58 55 54
73 55 54 58 56 53
73 55 54 58 57 52
73 55 54 59 52 56
73 55 54 59 53 55
73 55 54 59 54 54
73 55 55 51 56 59
73 55 55 51 57 58
73 55 55 52 56 58
73 55 55 52 57 57
73 55 55 52 58 56
73 55 55 53 54 59
73 55 55 53 55 58
73 55 55 53 56 57
73 55 55 53 57 56
73 55 55 53 58 55
73 55 55 53 59 54
73 55 55 54 53 59
73 55 55 54 54 58
73 55 55 54 58 54
73 55 55 54 59 53
73 55 55 55 52 59
73 55 55 55 53 58
73 55 55 55 54 57
73 55 55 55 55 56
73 55 55 55 56 55
73 55 55 55 57 54
73 55 55 55 58 53
73 55 55 55 59 52
73 55 55 56 53 57
73 55 55 56 55 55
73 55 55 56 57 53
73 55 55 57 51 58
73 55 55 57 52 57
73 55 55 57 57 52
73 55 55 58 51 57
73 55 55 58 52 56
73 55 55 58 53 55
73 55 55 58 54 54
73 55 55 58 55 53
73 55 55 58 56 52
73 55 55 59 51 56
73 55 55 59 53 54
73 55 55 59 54 53
73 55 56 51 56 58
73 55 56 51 57 57
73 55 56 52 58 55
73 55 56 53 54 58
73 55 56 53 56 56
73 55 56 53 58 54
73 55 56 54 53 58
73 55 56 54 54 57
73 55 56 54 55 56
73 55 56 54 57 54
73 55 56 55 52 58
73 55 56 55 53 57
73 55 56 55 54 56
73 55 56 55 55 55
73 55 56 55 56 54
73 55 56 56 52 57
73 55 56 56 53 56
73 55 56 56 55 54
73 55 56 56 56 53
73 55 56 56 57 52
73 55 56 57 51 57
73 55 56 57 52 56
73 55 56 57 53 55
73 55 56 57 55 53
73 55 56 57 56 52
73 55 56 58 51 56
73 55 56 58 52 55
73 55 56 58 53 54
73 55 56 58 54 53
73 55 56 59 51 55
73 55 56 59 52 54
73 55 57 52 55 57
73 55 57 52 57 55
73 55 57 53 55 56
73 55 57 53 56 55
73 55 57 54 53 57
73 55 57 54 54 56
73 55 57 54 55 55
73 55 57 54 58 52
73 55 57 55 53 56
73 55 57 55 55 54
73 55 57 55 57 52
73 55 57 56 52 56
73 55 57 56 53 55
73 55 57 56 54 54
73 55 57 56 55 53
73 55 57 57 52 55
73 55 57 57 54 53
73 55 57 58 51 55
73 55 57 58 52 54
73 55 58 52 57 54
73 55 58 53 54 56
73 55 58 53 55 55
73 55 58 53 56 54
73 55 58 54 54 55
73 55 58 54 55 54
73 55 58 54 57 52
73 55 58 55 53 55
73 55 58 55 54 54
73 55 58 55 55 53
73 55 58 56 52 55
73 55 58 56 53 54
73 55 58 56 54 53
73 55 58 56 55 52
73 55 58 57 52 54
73 55 58 57 53 53
73 55 59 52 55 55
73 55 59 52 56 54
73 55 59 53 54 55
73 55 59 53 55 54
73 55 59 53 56 53
73 55 59 54 53 55
73 55 59 54 55 53
73 55 59 55 54 53
73 55 59 55 55 52
73 56 51 54 58 57
73 56 51 55 58 56
73 56 51 55 59 55
73 56 51 56 56 57
73 56 51 56 57 56
73 56 51 56 58 55
73 56 51 56 59 54
73 56 51 57 56 56
73 56 51 57 57 55
73 56 51 57 58 54
73 56 51 58 57 54
73 56 52 53 57 58
73 56 52 54 55 59
73 56 52 54 56 58
73 56 52 54 58 56
73 56 52 54 59 55
73 56 52 55 54 59
73 56 52 55 58 55
73 56 52 55 59 54
73 56 52 56 54 58
73 56 52 56 55 57
73 56 52 56 56 56
73 56 52 56 57 55
73 56 52 57 54 57
73 56 52 57 56 55
73 56 52 57 57 54
73 56 52 57 58 53
73 56 52 57 59 52
73 56 52 58 54 56
73 56 52 58 55 55
73 56 52 58 57 53
73 56 52 58 58 52
73 56 53 52 57 58
73 56 53 53 54 60
73 56 53 53 58 56
73 56 53 54 55 58
73 56 53 54 57 56
73 56 53 54 58 55
73 56 53 55 53 59
73 56 53 55 54 58
73 56 53 55 55 57
73 56 53 55 56 56
73 56 53 55 57 55
73 56 53 55 58 54
73 56 53 55 59 53
73 56 53 56 53 58
73 56 53 56 54 57
73 56 53 56 55 56
73 56 53 56 56 55
73 56 53 57 53 57
73 56 53 57 55 55
73 56 53 57 58 52
73 56 53 58 53 56
73 56 53 58 54 55
73 56 53 58 55 54
73 56 53 59 54 54
73 56 54 51 56 59
73 56 54 52 58 56
73 56 54 53 55 58
73 56 54 53 58 55
73 56 54 54 54 58
73 56 54 54 55 57
73 56 54 55 57 54
73 56 54 55 59 52
73 56 54 56 53 57
73 56 54 56 55 55
73 56 54 56 58 52
73 56 54 57 53 56
73 56 54 57 54 55
73 56 54 57 55 54
73 56 54 57 56 53
73 56 54 57 57 52
73 56 54 57 58 51
73 56 54 58 53 55
73 56 54 58 54 54
73 56 54 58 55 53
73 56 54 58 56 52
73 56 54 59 53 54
73 56 54 59 54 53
73 56 55 51 55 59
73 56 55 51 56 58
73 56 55 52 54 59
73 56 55 52 55 58
73 56 55 52 56 57
73 56 55 52 57 56
73 56 55 53 56 56
73 56 55 53 57 55
73 56 55 54 53 58
73 56 55 54 54 57
73 56 55 54 56 55
73 56 55 54 57 54
73 56 55 54 58 53
73 56 55 55 54 56
73 56 55 55 55 55
73 56 55 55 56 54
73 56 55 55 57 53
73 56 55 56 52 57
73 56 55 56 53 56
73 56 55 56 54 55
73 56 55 56 56 53
73 56 55 57 52 56
73 56 55 57 54 54
73 56 55 57 55 53
73 56 55 58 51 56
73 56 55 58 54 53
73 56 55 58 55 52
73 56 55 59 52 54
73 56 55 59 53 53
73 56 56 51 55 58
73 56 56 51 56 57
73 56 56 51 57 56
73 56 56 52 55 57
73 56 56 52 56 56
73 56 56 52 57 55
73 56 56 53 53 58
73 56 56 53 54 57
73 56 56 53 55 56
73 56 56 53 56 55
73 56 56 53 57 54
73 56 56 53 58 53
73 56 56 54 52 58
73 56 56 54 55 55
73 56 56 54 57 53
73 56 56 55 53 56
73 56 56 55 56 53
73 56 56 55 57 52
73 56 56 56 51 57
73 56 56 56 52 56
73 56 56 56 53 55
73 56 56 56 55 53
73 56 56 56 56 52
73 56 56 56 57 51
73 56 56 57 51 56
73 56 56 57 53 54
73 56 56 57 55 52
73 56 56 57 56 51
73 56 56 58 51 55
73 56 56 58 52 54
73 56 56 58 53 53
73 56 56 58 54 52
73 56 57 51 56 56
73 56 57 52 55 56
73 56 57 52 56 55
73 56 57 53 54 56
73 56 57 53 56 54
73 56 57 53 57 53
73 56 57 54 53 56
73 56 57 54 54 55
73 56 57 54 55 54
73 56 57 54 56 53
73 56 57 54 57 52
73 56 57 55 52 56
73 56 57 55 54 54
73 56 57 55 55 53
73 56 57 55 56 52
73 56 57 56 51 56
73 56 57 56 53 54
73 56 57 56 55 52
73 56 57 56 56 51
73 56 57 57 51 55
73 56 57 57 52 54
73 56 57 57 53 53
73 56 57 57 54 52
73 56 57 58 51 54
73 56 58 52 56 54
73 56 58 53 53 56
73 56 58 53 56 53
73 56 58 54 53 55
73 56 58 54 54 54
73 56 58 54 55 53
73 56 58 55 52 55
73 56 58 55 53 54
73 56 58 55 54 53
73 56 58 56 52 54
73 56 59 53 54 54
73 56 59 53 55 53
73 56 59 54 53 54
73 56 59 54 54 53
73 56 59 54 55 52
73 57 51 54 56 58
73 57 51 54 57 57
73 57 51 54 58 56
73 57 51 55 57 56
73 57 51 55 58 55
73 57 51 56 56 56
73 57 52 52 56 59
73 57 52 52 57 58
73 57 52 53 55 59
73 57 52 53 56 58
73 57 52 54 54 59
73 57 52 54 55 58
73 57 52 54 56 57
73 57 52 54 57 56
73 57 52 54 58 55
73 57 52 55 54 58
73 57 52 55 55 57
73 57 52 55 57 55
73 57 52 56 55 56
73 57 52 56 56 55
73 57 52 56 58 53
73 57 52 57 56 54
73 57 52 57 58 52
73 57 53 52 55 59
73 57 53 52 56 58
73 57 53 53 55 58
73 57 53 53 57 56
73 57 53 54 53 59
73 57 53 54 54 58
73 57 53 54 56 56
73 57 53 55 56 55
73 57 53 55 57 54
73 57 53 55 58 53
73 57 53 56 53 57
73 57 53 56 54 56
73 57 53 56 55 55
73 57 53 56 58 52
73 57 53 57 54 55
73 57 53 57 55 54
73 57 53 57 56 53
73 57 53 58 54 54
73 57 53 58 55 53
73 57 54 51 55 59
73 57 54 51 56 58
73 57 54 52 54 59
73 57 54 52 55 58
73 57 54 52 56 57
73 57 54 52 57 56
73 57 54 53 53 59
73 57 54 53 54 58
73 57 54 53 57 55
73 57 54 53 58 54
73 57 54 54 54 57
73 57 54 54 55 56
73 57 54 54 56 55
73 57 54 54 57 54
73 57 54 55 52 58
73 57 54 55 54 56
73 57 54 55 56 54
73 57 54 55 58 52
73 57 54 56 52 57
73 57 54 56 53 56
73 57 54 56 54 55
73 57 54 56 56 53
73 57 54 57 54 54
73 57 54 57 56 52
73 57 54 57 57 51
73 57 54 58 55 52
73 57 55 51 55 58
73 57 55 51 56 57
73 57 55 52 54 58
73 57 55 52 55 57
73 57 55 52 56 56
73 57 55 53 53 58
73 57 55 53 54 57
73 57 55 53 55 56
73 57 55 53 56 55
73 57 55 53 57 54
73 57 55 54 52 58
73 57 55 54 54 56
73 57 55 54 55 55
73 57 55 54 56 54
73 57 55 55 52 57
73 57 55 55 54 55
73 57 55 55 57 52
73 57 55 56 52 56
73 57 55 56 53 55
73 57 55 56 54 54
73 57 55 56 55 53
73 57 55 57 52 55
73 57 55 57 54 53
73 57 55 57 55 52
73 57 55 57 56 51
73 57 55 58 52 54
73 57 55 58 53 53
73 57 55 58 54 52
73 57 56 51 56 56
73 57 56 52 55 56
73 57 56 53 53 57
73 57 56 53 54 56
73 57 56 54 52 57
73 57 56 54 53 56
73 57 56 54 55 54
73 57 56 54 56 53
73 57 56 55 52 56
73 57 56 55 53 55
73 57 56 55 54 54
73 57 56 55 56 52
73 57 56 56 51 56
73 57 56 56 55 52
73 57 56 56 56 51
73 57 56 58 51 54
73 57 57 52 54 56
73 57 57 52 55 55
73 57 57 52 56 54
73 57 57 53 53 56
73 57 57 53 56 53
73 57 57 54 54 54
73 57 57 54 55 53
73 57 57 55 52 55
73 57 57 55 55 52
73 57 57 56 52 54
73 57 57 56 54 52
73 57 57 56 55 51
73 57 57 57 51 54
73 57 58 52 54 55
73 57 58 53 54 54
73 57 58 53 55 53
73 57 58 54 54 53
73 57 58 55 52 54
73 57 58 55 54 52
73 57 58 55 55 51
73 57 58 56 53 52
73 57 58 56 54 51
73 57 59 55 53 52
73 58 52 52 56 58
73 58 52 54 54 58
73 58 52 54 55 57
73 58 52 54 56 56
73 58 52 54 57 55
73 58 52 55 55 56
73 58 52 55 56 55
73 58 52 55 57 54
73 58 52 56 56 54
73 58 53 52 54 59
73 58 53 52 56 57
73 58 53 53 57 55
73 58 53 54 53 58
73 58 53 54 55 56
73 58 53 54 56 55
73 58 53 55 54 56
73 58 53 55 55 55
73 58 53 55 56 54
73 58 53 55 57 53
73 58 53 56 53 56
73 58 53 56 55 54
73 58 53 56 56 53
73 58 53 57 54 54
73 58 54 51 55 58
73 58 54 51 56 57
73 58 54 52 54 58
73 58 54 52 55 57
73 58 54 53 53 58
73 58 54 53 54 57
73 58 54 53 55 56
73 58 54 53 56 55
73 58 54 53 57 54
73 58 54 54 53 57
73 58 54 54 54 56
73 58 54 54 55 55
73 58 54 54 56 54
73 58 54 55 52 57
73 58 54 55 54 55
73 58 54 55 55 54
73 58 54 55 57 52
73 58 54 56 53 55
73 58 54 56 55 53
73 58 54 56 56 52
73 58 54 56 57 51
73 58 54 57 55 52
73 58 54 57 56 51
73 58 55 51 55 57
73 58 55 52 56 55
73 58 55 53 53 57
73 58 55 53 54 56
73 58 55 53 55 55
73 58 55 53 56 54
73 58 55 54 54 55
73 58 55 54 55 54
73 58 55 54 56 53
73 58 55 55 53 55
73 58 55 55 54 54
73 58 55 55 55 53
73 58 55 56 54 53
73 58 55 56 55 52
73 58 55 56 56 51
73 58 55 57 52 54
73 58 55 57 53 53
73 58 55 57 55 51
73 58 56 52 56 54
73 58 56 53 53 56
73 58 56 53 55 54
73 58 56 53 56 53
73 58 56 54 52 56
73 58 56 54 53 55
73 58 56 54 54 54
73 58 56 55 53 54
73 58 56 55 54 53
73 58 56 55 55 52
73 58 56 55 56 51
73 58 56 56 52 54
73 58 56 56 55 51
73 58 56 57 52 53
73 58 56 57 53 52
73 58 57 52 54 55
73 58 57 52 55 54
73 58 57 53 55 53
73 58 57 54 52 55
73 58 57 54 53 54
73 58 57 54 54 53
73 58 57 54 55 52
73 58 57 55 52 54
73 58 57 55 53 53
73 58 57 55 54 52
73 58 57 55 55 51
73 58 57 56 51 54
73 58 57 56 52 53
73 58 57 56 53 52
73 58 57 56 54 51
73 58 57 57 52 52
73 58 58 53 53 54
73 58 58 53 54 53
73 58 58 54 52 54
73 58 58 54 54 52
73 58 58 55 54 51
73 58 58 56 52 52
73 59 53 52 55 57
73 59 53 54 54 56
73 59 53 54 56 54
73 59 53 55 54 55
73 59 53 55 55 54
73 59 53 55 56 53
73 59 54 53 54 56
73 59 54 53 55 55
73 59 54 53 56 54
73 59 54 54 53 56
73 59 54 54 55 54
73 59 54 54 56 53
73 59 54 55 53 55
73 59 54 55 54 54
73 59 54 55 55 53
73 59 54 55 56 52
73 59 54 56 55 52
73 59 55 52 54 56
73 59 55 52 55 55
73 59 55 53 53 56
73 59 55 53 54 55
73 59 55 53 55 54
73 59 55 54 53 55
73 59 55 54 54 54
73 59 55 54 55 53
73 59 55 55 52 55
73 59 55 55 53 54
73 59 55 56 52 54
73 59 55 56 53 53
73 59 55 56 54 52
73 59 55 56 55 51
73 59 56 53 53 55
73 59 56 54 52 55
73 59 56 54 55 52
73 59 56 55 52 54
73 59 56 55 55 51
73 59 56 56 54 51
73 59 57 53 53 54
73 59 57 53 54 53
73 59 57 54 52 54
73 59 57 54 54 52
73 59 57 55 52 53
73 59 57 55 53 52
73 59 57 55 54 51
73 59 57 56 52 52
73 59 58 54 53 52
73 60 55 53 54 54
73 60 55 54 53 54
73 60 55 54 54 53
73 60 56 54 53 53
75 52 54 57 56 56
75 52 55 55 56 57
75 52 55 55 58 55
75 52 55 56 55 57
75 52 55 56 57 55
75 52 55 57 54 57
75 52 55 58 54 56
75 52 56 54 56 57
75 52 56 54 58 55
75 52 56 55 55 57
75 52 56 55 56 56
75 52 56 55 57 55
75 52 56 55 58 54
75 52 56 56 54 57
75 52 56 56 55 56
75 52 56 56 56 55
75 52 56 57 53 57
75 52 56 57 55 55
75 52 56 57 56 54
75 52 57 54 55 57
75 52 57 54 56 56
75 52 57 54 57 55
75 52 57 55 55 56
75 52 57 55 56 55
75 52 57 56 54 56
75 52 57 56 56 54
75 52 57 57 54 55
75 52 58 54 55 56
75 52 58 54 56 55
75 52 58 55 55 55
75 53 53 56 56 57
75 53 53 57 56 56
75 53 53 58 55 56
75 53 53 58 56 55
75 53 54 54 57 57
75 53 54 55 58 55
75 53 54 56 54 58
75 53 54 56 56 56
75 53 54 57 54 57
75 53 54 57 56 55
75 53 54 57 57 54
75 53 54 58 55 55
75 53 55 54 56 57
75 53 55 55 54 58
75 53 55 55 58 54
75 53 55 56 54 57
75 53 55 56 55 56
75 53 55 56 58 53
75 53 55 57 54 56
75 53 55 57 56 54
75 53 55 58 55 54
75 53 56 53 56 57
75 53 56 53 57 56
75 53 56 54 55 57
75 53 56 54 56 56
75 53 56 54 57 55
75 53 56 54 58 54
75 53 56 55 54 57
75 53 56 55 55 56
75 53 56 55 56 55
75 53 56 55 58 53
75 53 56 56 53 57
75 53 56 56 54 56
75 53 56 56 56 54
75 53 56 56 57 53
75 53 56 57 53 56
75 53 56 57 55 54
75 53 56 57 56 53
75 53 56 58 53 55
75 53 56 58 54 54
75 53 57 52 57 56
75 53 57 53 56 56
75 53 57 54 54 57
75 53 57 54 56 55
75 53 57 54 57 54
75 53 57 55 54 56
75 53 57 55 56 54
75 53 57 56 53 56
75 53 57 56 55 54
75 53 58 53 55 56
75 53 58 54 54 56
75 53 58 54 55 55
75 53 58 54 56 54
75 53 58 55 54 55
75 53 58 55 55 54
75 54 52 56 56 57
75 54 52 56 57 56
75 54 52 58 56 55
75 54 53 54 56 58
75 54 53 55 55 58
75 54 53 55 56 57
75 54 53 55 57 56
75 54 53 55 58 55
75 54 53 56 55 57
75 54 53 56 56 56
75 54 53 56 57 55
75 54 53 56 58 54
75 54 53 57 54 57
75 54 53 57 57 54
75 54 53 58 55 55
75 54 53 58 56 54
75 54 54 53 56 58
75 54 54 53 57 57
75 54 54 54 55 58
75 54 54 54 56 57
75 54 54 55 54 58
75 54 54 55 55 57
75 54 54 55 56 56
75 54 54 55 57 55
75 54 54 55 58 54
75 54 54 56 53 58
75 54 54 56 55 56
75 54 54 57 53 57
75 54 54 57 57 53
75 54 54 58 53 56
75 54 54 58 54 55
75 54 54 58 55 54
75 54 54 58 56 53
75 54 55 53 55 58
75 54 55 53 56 57
75 54 55 53 57 56
75 54 55 53 58 55
75 54 55 54 55 57
75 54 55 54 56 56
75 54 55 54 57 55
75 54 55 54 58 54
75 54 55 55 54 57
75 54 55 55 55 56
75 54 55 55 58 53
75 54 55 56 52 58
75 54 55 56 53 57
75 54 55 56 56 54
75 54 55 57 52 57
75 54 55 57 53 56
75 54 55 57 54 55
75 54 55 57 55 54
75 54 55 58 52 56
75 54 55 58 53 55
75 54 55 58 54 54
75 54 56 52 56 57
75 54 56 52 57 56
75 54 56 53 56 56
75 54 56 53 57 55
75 54 56 53 58 54
75 54 56 54 55 56
75 54 56 55 54 56
75 54 56 55 55 55
75 54 56 55 57 53
75 54 56 56 53 56
75 54 56 56 54 55
75 54 56 56 55 54
75 54 56 56 56 53
75 54 56 56 57 52
75 54 56 57 52 56
75 54 56 57 54 54
75 54 56 58 52 55
75 54 56 58 53 54
75 54 57 52 55 57
75 54 57 52 57 55
75 54 57 53 56 55
75 54 57 53 57 54
75 54 57 54 53 57
75 54 57 54 54 56
75 54 57 54 55 55
75 54 57 54 57 53
75 54 57 55 53 56
75 54 57 55 54 55
75 54 57 55 55 54
75 54 57 56 52 56
75 54 57 56 53 55
75 54 57 57 52 55
75 54 57 57 53 54
75 54 57 57 54 53
75 54 58 52 56 55
75 54 58 53 54 56
75 54 58 54 54 55
75 54 58 54 55 54
75 54 58 55 55 53
75 55 52 54 57 57
75 55 52 55 56 57
75 55 52 55 58 55
75 55 52 56 56 56
75 55 52 56 57 55
75 55 52 56 58 54
75 55 52 57 55 56
75 55 52 57 56 55
75 55 52 57 57 54
75 55 52 58 55 55
75 55 52 58 56 54
75 55 53 53 56 58
75 55 53 54 58 55
75 55 53 55 54 58
75 55 53 55 58 54
75 55 53 56 53 58
75 55 53 56 54 57
75 55 53 56 56 55
75 55 53 56 57 54
75 55 53 57 56 54
75 55 53 58 54 55
75 55 54 52 56 58
75 55 54 52 57 57
75 55 54 53 55 58
75 55 54 53 57 56
75 55 54 54 54 58
75 55 54 54 55 57
75 55 54 54 56 56
75 55 54 54 57 55
75 55 54 54 58 54
75 55 54 55 53 58
75 55 54 55 56 55
75 55 54 55 57 54
75 55 54 56 52 58
75 55 54 56 57 53
75 55 54 56 58 52
75 55 54 57 53 56
75 55 54 57 54 55
75 55 54 57 55 54
75 55 54 57 56 53
75 55 54 57 57 52
75 55 54 58 53 55
75 55 54 58 55 53
75 55 55 52 55 58
75 55 55 52 56 57
75 55 55 52 57 56
75 55 55 53 54 58
75 55 55 53 56 56
75 55 55 54 53 58
75 55 55 54 54 57
75 55 55 54 55 56
75 55 55 54 56 55
75 55 55 54 57 54
75 55 55 54 58 53
75 55 55 55 52 58
75 55 55 55 55 55
75 55 55 56 52 57
75 55 55 56 53 56
75 55 55 56 54 55
75 55 55 56 55 54
75 55 55 56 56 53
75 55 55 57 52 56
75 55 55 57 54 54
75 55 55 57 56 52
75 55 55 58 52 55
75 55 55 58 53 54
75 55 56 52 56 56
75 55 56 52 57 55
75 55 56 53 54 57
75 55 56 53 56 55
75 55 56 54 54 56
75 55 56 54 56 54
75 55 56 54 57 53
75 55 56 55 54 55
75 55 56 56 52 56
75 55 56 56 53 55
75 55 56 56 54 54
75 55 56 57 52 55
75 55 56 57 53 54
75 55 56 57 54 53
75 55 56 57 55 52
75 55 57 52 55 56
75 55 57 53 54 56
75 55 57 54 54 55
75 55 57 55 52 56
75 55 57 55 54 54
75 55 57 55 56 52
75 55 57 56 52 55
75 55 57 56 53 54
75 55 58 53 54 55
75 55 58 53 55 54
75 55 58 53 56 53
75 55 58 54 54 54
75 55 58 54 55 53
75 55 58 55 53 54
75 55 58 55 55 52
75 56 52 54 55 58
75 56 52 54 57 56
75 56 52 55 56 56
75 56 52 55 57 55
75 56 52 55 58 54
75 56 52 56 54 57
75 56 52 56 56 55
75 56 52 56 57 54
75 56 53 53 56 57
75 56 53 53 57 56
75 56 53 54 55 57
75 56 53 54 56 56
75 56 53 54 57 55
75 56 53 54 58 54
75 56 53 55 53 58
75 56 53 55 55 56
75 56 53 55 56 55
75 56 53 55 58 53
75 56 53 56 53 57
75 56 53 56 54 56
75 56 53 56 56 54
75 56 53 56 57 53
75 56 53 57 56 53
75 56 53 57 57 52
75 56 54 52 55 58
75 56 54 52 56 57
75 56 54 52 57 56
75 56 54 53 54 58
75 56 54 53 55 57
75 56 54 53 56 56
75 56 54 53 57 55
75 56 54 54 56 55
75 56 54 54 57 54
75 56 54 54 58 53
75 56 54 55 54 56
75 56 54 55 55 55
75 56 54 55 56 54
75 56 54 56 53 56
75 56 54 56 54 55
75 56 54 56 55 54
75 56 54 56 56 53
75 56 54 57 52 56
75 56 54 57 53 55
75 56 54 57 55 53
75 56 54 57 56 52
75 56 55 52 55 57
75 56 55 52 56 56
75 56 55 52 57 55
75 56 55 53 54 57
75 56 55 53 55 56
75 56 55 54 56 54
75 56 55 54 57 53
75 56 55 55 52 57
75 56 55 55 55 54
75 56 55 55 57 52
75 56 55 56 52 56
75 56 55 56 54 54
75 56 55 56 55 53
75 56 55 56 56 52
75 56 55 57 54 53
75 56 55 57 55 52
75 56 56 52 54 57
75 56 56 52 55 56
75 56 56 53 54 56
75 56 56 53 56 54
75 56 56 53 57 53
75 56 56 54 53 56
75 56 56 54 54 55
75 56 56 54 56 53
75 56 56 54 57 52
75 56 56 55 53 55
75 56 56 55 55 53
75 56 56 55 56 52
75 56 56 56 52 55
75 56 56 56 53 54
75 56 56 56 54 53
75 56 56 56 55 52
75 56 56 57 52 54
75 56 56 57 53 53
75 56 56 57 54 52
75 56 57 52 54 56
75 56 57 52 56 54
75 56 57 53 53 56
75 56 57 53 54 55
75 56 57 53 55 54
75 56 57 53 56 53
75 56 57 55 52 55
75 56 57 55 53 54
75 56 57 55 54 53
75 56 57 55 55 52
75 56 57 56 52 54
75 56 57 56 53 53
75 56 58 53 55 53
75 56 58 54 53 54
75 56 58 54 54 53
75 56 58 54 55 52
75 56 58 55 54 52
75 57 52 53 56 57
75 57 52 54 55 57
75 57 52 54 56 56
75 57 52 55 55 56
75 57 52 55 56 55
75 57 52 55 57 54
75 57 52 56 55 55
75 57 52 56 56 54
75 57 53 53 56 56
75 57 53 54 54 57
75 57 53 54 55 56
75 57 53 54 56 55
75 57 53 54 57 54
75 57 53 55 56 54
75 57 53 56 53 56
75 57 53 56 55 54
75 57 53 56 56 53
75 57 53 57 54 54
75 57 54 52 55 57
75 57 54 53 54 57
75 57 54 53 55 56
75 57 54 53 57 54
75 57 54 54 53 57
75 57 54 54 55 55
75 57 54 55 53 56
75 57 54 55 54 55
75 57 54 55 55 54
75 57 54 55 57 52
75 57 54 56 52 56
75 57 54 56 53 55
75 57 54 56 54 54
75 57 54 56 55 53
75 57 54 56 56 52
75 57 54 57 54 53
75 57 55 52 55 56
75 57 55 54 53 56
75 57 55 54 55 54
75 57 55 54 56 53
75 57 55 55 54 54
75 57 55 56 52 55
75 57 55 56 55 52
75 57 55 57 52 54
75 57 55 57 54 52
75 57 56 52 55 55
75 57 56 53 53 56
75 57 56 54 52 56
75 57 56 54 55 53
75 57 56 54 56 52
75 57 56 55 53 54
75 57 56 55 54 53
75 57 56 55 55 52
75 57 56 56 53 53
75 57 56 56 54 52
75 57 57 53 54 54
75 57 57 54 53 54
75 57 57 54 54 53
75 57 57 55 52 54
75 57 57 55 54 52
75 57 57 56 52 53
75 58 53 54 54 56
75 58 53 54 55 55
75 58 54 52 55 56
75 58 54 53 54 56
75 58 54 54 54 55
75 58 54 55 53 55
75 58 54 55 54 54
75 58 54 55 55 53
75 58 54 56 53 54
75 58 54 56 54 53
75 58 55 52 54 56
75 58 55 52 55 55
75 58 55 53 53 56
75 58 55 53 54 55
75 58 55 53 55 54
75 58 55 54 53 55
75 58 55 54 54 54
75 58 55 54 55 53
75 58 55 55 54 53
75 58 55 55 55 52
75 58 55 56 53 53
75 58 55 56 54 52
75 58 56 53 53 55
75 58 56 54 54 53
75 58 56 55 52 54
75 58 56 55 54 52
