5 22 102 34
5 22 103 40
5 22 104 48
5 22 105 58
5 22 106 69
5 22 107 83
5 22 108 100
5 22 109 121
5 22 110 146
5 22 111 176
5 22 112 213
5 22 113 259
5 22 114 314
5 22 115 382
5 22 116 465
5 22 117 568
5 22 118 694
5 23 110 25
5 23 111 29
5 23 112 35
5 23 113 41
5 23 114 49
5 23 115 59
5 23 116 71
5 23 117 85
5 23 118 102
5 23 119 122
5 23 120 148
5 23 121 178
5 23 122 215
5 23 123 261
5 23 124 316
5 23 125 384
5 23 126 467
5 23 127 569
5 23 128 694
5 24 119 22
5 24 120 26
5 24 121 31
5 24 122 37
5 24 123 44
5 24 124 53
5 24 125 63
5 24 126 76
5 24 127 91
5 24 128 109
5 24 129 131
5 24 130 157
5 24 131 190
5 24 132 229
5 24 133 277
5 24 134 335
5 24 135 406
5 24 136 493
5 24 137 600
5 24 138 731
5 25 130 31
5 25 131 37
5 25 132 44
5 25 133 52
5 25 134 62
5 25 135 74
5 25 136 88
5 25 137 106
5 25 138 127
5 25 139 152
5 25 140 183
5 25 141 220
5 25 142 265
5 25 143 320
5 25 144 387
5 25 145 469
5 25 146 568
5 25 147 690
5 26 141 51
5 26 142 61
5 26 143 73
5 26 144 86
5 26 145 103
5 26 146 123
5 26 147 147
5 26 148 176
5 26 149 211
5 26 150 253
5 26 151 304
5 26 152 366
5 26 153 442
5 26 154 533
11 22 52 42309
11 22 53 62030
11 22 54 91560
11 22 55 136102
11 22 56 203789
11 22 57 307449
11 22 58 467486
11 22 59 716635
11 22 60 1107903
11 22 61 1727937
11 22 62 2719784
11 23 55 24529
11 23 56 35502
11 23 57 51711
11 23 58 75814
11 23 59 111907
11 23 60 166347
11 23 61 249075
11 23 62 375771
11 23 63 571372
11 23 64 875887
11 23 65 1354104
11 23 66 2111923
11 23 67 3324181
11 24 60 31537
11 24 61 45645
11 24 62 66485
11 24 63 97475
11 24 64 143880
11 24 65 213874
11 24 66 320239
11 24 67 483134
11 24 68 734620
11 24 69 1126141
11 24 70 1740990
11 24 71 2715330
11 24 72 4273947
11 25 64 30691
11 25 65 44151
11 25 66 63903
11 25 67 93079
11 25 68 136464
11 25 69 201432
11 25 70 299423
11 25 71 448334
11 25 72 676387
11 25 73 1028468
11 25 74 1576597
11 25 75 2437386
11 25 76 3801462
11 26 71 106505
11 26 72 155131
11 26 73 227440
11 26 74 335720
11 26 75 499039
11 26 76 747224
11 26 77 1127312
11 26 78 1714114
11 26 79 2627661
