0000000000010000100110110001010001000111001001010000111
0000000000100000110010101011000110010001101000001001111
0000000000010010011010001010100101100011001110000011101
0000000000010110001110000101110100001011001010011001101
0000000000101000011100100110111000101011000010010111011
0000000000100110110100111001001110001010101100010010111
0000000100010011011111010000110110101010010100111000011
0000000010010111101011001110011011000001110010100010111
0000000010101001101001010011101101000101100111011001111
0000000011010101100001110001010110100110111100110111011
