70 60 60 61 61 61
70 60 61 60 61 61
70 60 61 61 60 61
70 60 61 61 61 60
70 61 60 60 61 61
70 61 60 61 60 61
70 61 60 61 61 60
70 61 61 60 60 61
70 61 61 60 61 60
70 61 61 61 60 60
72 58 61 60 62 61
72 58 61 61 60 62
72 58 61 61 62 60
72 58 62 59 62 61
72 58 62 61 60 61
72 58 62 61 61 60
72 58 63 60 61 60
72 59 59 61 61 62
72 59 59 61 62 61
72 59 59 61 63 60
72 59 59 62 60 62
72 59 59 62 61 61
72 59 59 62 62 60
72 59 59 63 60 61
72 59 60 60 61 62
72 59 60 60 62 61
72 59 60 60 63 60
72 59 60 61 60 62
72 59 60 61 63 59
72 59 60 62 59 62
72 59 60 62 61 60
72 59 60 62 62 59
72 59 60 63 59 61
72 59 60 63 60 60
72 59 61 59 61 62
72 59 61 59 62 61
72 59 61 60 60 62
72 59 61 61 59 62
72 59 61 61 60 61
72 59 61 61 61 60
72 59 61 61 62 59
72 59 61 62 58 62
72 59 61 62 59 61
72 59 61 62 60 60
72 59 61 62 61 59
72 59 62 59 60 62
72 59 62 59 61 61
72 59 62 59 62 60
72 59 62 60 60 61
72 59 62 60 61 60
72 59 62 60 62 59
72 59 62 61 59 61
72 59 62 61 60 60
72 59 62 61 61 59
72 59 62 62 59 60
72 59 63 59 61 60
72 59 63 60 60 60
72 59 63 60 61 59
72 60 58 61 62 61
72 60 58 61 63 60
72 60 58 62 61 61
72 60 59 59 62 62
72 60 59 60 60 63
72 60 59 60 61 62
72 60 59 60 62 61
72 60 59 60 63 60
72 60 59 61 60 62
72 60 59 61 61 61
72 60 59 61 62 60
72 60 59 61 63 59
72 60 59 62 59 62
72 60 59 62 62 59
72 60 59 63 59 61
72 60 59 63 60 60
72 60 60 59 60 63
72 60 60 59 61 62
72 60 60 59 62 61
72 60 60 60 59 63
72 60 60 60 61 61
72 60 60 60 63 59
72 60 60 62 59 61
72 60 60 62 61 59
72 60 60 63 58 61
72 60 60 63 59 60
72 60 61 58 61 62
72 60 61 58 62 61
72 60 61 59 60 62
72 60 61 59 61 61
72 60 61 59 62 60
72 60 61 60 59 62
72 60 61 60 60 61
72 60 61 60 62 59
72 60 61 61 58 62
72 60 61 61 60 60
72 60 61 62 59 60
72 60 61 62 60 59
72 60 62 59 60 61
72 60 62 59 62 59
72 60 62 60 59 61
72 60 62 61 59 60
72 60 62 61 60 59
72 60 63 59 60 60
72 60 63 59 61 59
72 60 63 60 60 59
72 61 58 60 62 61
72 61 58 62 61 60
72 61 58 62 62 59
72 61 59 59 60 63
72 61 59 59 61 62
72 61 59 59 62 61
72 61 59 60 59 63
72 61 59 60 61 61
72 61 59 60 62 60
72 61 59 61 59 62
72 61 59 61 62 59
72 61 59 62 59 61
72 61 59 62 60 60
72 61 59 62 61 59
72 61 60 58 60 63
72 61 60 59 59 63
72 61 60 59 60 62
72 61 60 59 62 60
72 61 60 60 61 60
72 61 60 60 62 59
72 61 60 61 58 62
72 61 60 61 59 61
72 61 60 61 60 60
72 61 60 61 61 59
72 61 60 62 58 61
72 61 60 62 59 60
72 61 60 62 60 59
72 61 60 62 61 58
72 61 61 58 60 62
72 61 61 59 59 62
72 61 61 59 60 61
72 61 61 59 62 59
72 61 61 60 61 59
72 61 61 61 59 60
72 61 61 62 58 60
72 61 61 62 59 59
72 61 62 59 59 61
72 61 62 59 60 60
72 61 62 59 61 59
72 61 62 60 59 60
72 61 62 60 61 58
72 61 62 61 58 60
72 61 62 61 59 59
72 61 62 61 60 58
72 62 58 60 61 61
72 62 59 58 61 62
72 62 59 59 60 62
72 62 59 59 61 61
72 62 59 60 59 62
72 62 59 60 60 61
72 62 59 60 61 60
72 62 59 60 62 59
72 62 59 61 59 61
72 62 59 61 60 60
72 62 59 61 61 59
72 62 60 58 61 61
72 62 60 59 59 62
72 62 60 59 61 60
72 62 60 60 59 61
72 62 60 60 61 59
72 62 60 61 59 60
72 62 60 61 60 59
72 62 60 61 61 58
72 62 60 62 59 59
72 62 61 58 60 61
72 62 61 59 59 61
72 62 61 59 61 59
72 62 61 60 60 59
72 62 61 60 61 58
72 62 61 61 59 59
72 62 62 59 59 60
72 62 62 59 60 59
72 62 62 60 59 59
72 62 62 61 59 58
72 63 60 59 60 60
72 63 60 60 59 60
72 63 60 60 60 59
72 63 61 59 59 60
72 63 61 59 60 59
72 63 61 60 59 59
72 63 61 60 60 58
74 57 61 61 60 62
74 57 61 61 62 60
74 57 61 62 60 61
74 57 61 62 61 60
74 57 62 59 62 61
74 57 62 60 60 62
74 57 62 60 61 61
74 57 62 61 59 62
74 57 62 61 60 61
74 57 62 61 61 60
74 57 62 62 59 61
74 57 63 59 61 61
74 57 63 60 60 61
74 57 63 60 61 60
74 58 59 61 61 62
74 58 59 61 62 61
74 58 59 62 61 61
74 58 59 62 62 60
74 58 59 62 63 59
74 58 59 63 59 62
74 58 59 63 61 60
74 58 60 59 62 62
74 58 60 60 60 63
74 58 60 60 61 62
74 58 60 60 63 60
74 58 60 61 59 63
74 58 60 61 60 62
74 58 60 61 61 61
74 58 60 61 62 60
74 58 60 62 58 63
74 58 60 62 59 62
74 58 60 62 60 61
74 58 60 62 62 59
74 58 60 63 59 61
74 58 60 63 60 60
74 58 61 58 62 62
74 58 61 59 60 63
74 58 61 59 61 62
74 58 61 59 63 60
74 58 61 60 59 63
74 58 61 60 60 62
74 58 61 60 61 61
74 58 61 60 62 60
74 58 61 60 63 59
74 58 61 61 60 61
74 58 61 61 62 59
74 58 61 62 58 62
74 58 61 62 60 60
74 58 61 62 61 59
74 58 61 63 58 61
74 58 61 63 59 60
74 58 62 58 62 61
74 58 62 58 63 60
74 58 62 59 60 62
74 58 62 59 61 61
74 58 62 59 62 60
74 58 62 59 63 59
74 58 62 60 59 62
74 58 62 60 60 61
74 58 62 60 61 60
74 58 62 61 58 62
74 58 62 61 59 61
74 58 62 61 61 59
74 58 62 62 59 60
74 58 63 58 61 61
74 58 63 59 61 60
74 58 63 60 59 61
74 58 63 60 60 60
74 58 63 61 59 60
74 59 58 61 61 62
74 59 58 61 62 61
74 59 58 62 60 62
74 59 58 62 61 61
74 59 58 63 59 62
74 59 58 63 61 60
74 59 58 63 62 59
74 59 59 59 62 62
74 59 59 59 63 61
74 59 59 60 60 63
74 59 59 60 61 62
74 59 59 60 64 59
74 59 59 61 59 63
74 59 59 61 60 62
74 59 59 61 61 61
74 59 59 61 62 60
74 59 59 61 63 59
74 59 59 62 58 63
74 59 59 62 59 62
74 59 59 62 60 61
74 59 59 62 61 60
74 59 59 62 62 59
74 59 59 62 63 58
74 59 59 63 59 61
74 59 59 63 61 59
74 59 59 64 59 60
74 59 60 58 61 63
74 59 60 58 62 62
74 59 60 58 63 61
74 59 60 59 61 62
74 59 60 60 60 62
74 59 60 60 61 61
74 59 60 60 62 60
74 59 60 61 58 63
74 59 60 61 59 62
74 59 60 61 61 60
74 59 60 61 62 59
74 59 60 62 58 62
74 59 60 62 59 61
74 59 60 62 61 59
74 59 60 63 58 61
74 59 60 63 60 59
74 59 61 57 62 62
74 59 61 58 60 63
74 59 61 58 61 62
74 59 61 58 63 60
74 59 61 59 59 63
74 59 61 59 60 62
74 59 61 59 61 61
74 59 61 59 62 60
74 59 61 59 63 59
74 59 61 60 60 61
74 59 61 60 61 60
74 59 61 60 62 59
74 59 61 60 63 58
74 59 61 61 59 61
74 59 61 61 60 60
74 59 61 61 61 59
74 59 61 61 62 58
74 59 61 62 57 62
74 59 61 62 58 61
74 59 61 62 59 60
74 59 61 62 60 59
74 59 61 62 61 58
74 59 61 63 57 61
74 59 62 57 61 62
74 59 62 58 60 62
74 59 62 58 62 60
74 59 62 59 59 62
74 59 62 59 60 61
74 59 62 59 61 60
74 59 62 59 62 59
74 59 62 60 58 62
74 59 62 60 59 61
74 59 62 60 61 59
74 59 62 60 62 58
74 59 62 61 58 61
74 59 62 61 59 60
74 59 62 61 61 58
74 59 62 62 58 60
74 59 62 62 59 59
74 59 63 58 60 61
74 59 63 58 61 60
74 59 63 58 62 59
74 59 63 59 61 59
74 59 63 59 62 58
74 59 63 61 58 60
74 59 63 61 59 59
74 59 64 59 60 59
74 60 57 61 61 62
74 60 57 61 62 61
74 60 57 61 63 60
74 60 57 62 61 61
74 60 58 59 61 63
74 60 58 59 62 62
74 60 58 59 63 61
74 60 58 60 60 63
74 60 58 60 61 62
74 60 58 60 63 60
74 60 58 61 59 63
74 60 58 61 62 60
74 60 58 61 63 59
74 60 58 62 59 62
74 60 58 62 60 61
74 60 58 62 61 60
74 60 58 62 62 59
74 60 58 63 60 60
74 60 58 63 61 59
74 60 58 63 62 58
74 60 59 58 62 62
74 60 59 58 63 61
74 60 59 59 59 64
74 60 59 59 61 62
74 60 59 59 62 61
74 60 59 60 61 61
74 60 59 61 58 63
74 60 59 61 59 62
74 60 59 61 60 61
74 60 59 61 61 60
74 60 59 61 62 59
74 60 59 61 63 58
74 60 59 62 59 61
74 60 59 62 60 60
74 60 59 62 61 59
74 60 59 62 62 58
74 60 59 63 61 58
74 60 60 57 61 63
74 60 60 57 62 62
74 60 60 58 60 63
74 60 60 58 61 62
74 60 60 58 62 61
74 60 60 58 63 60
74 60 60 59 61 61
74 60 60 59 62 60
74 60 60 59 63 59
74 60 60 60 58 63
74 60 60 60 59 62
74 60 60 60 60 61
74 60 60 60 61 60
74 60 60 60 63 58
74 60 60 61 58 62
74 60 60 61 59 61
74 60 60 61 60 60
74 60 60 61 62 58
74 60 60 62 58 61
74 60 60 62 60 59
74 60 60 62 61 58
74 60 60 63 57 61
74 60 60 63 58 60
74 60 60 63 60 58
74 60 61 57 61 62
74 60 61 57 62 61
74 60 61 58 61 61
74 60 61 58 62 60
74 60 61 59 60 61
74 60 61 59 62 59
74 60 61 60 59 61
74 60 61 60 60 60
74 60 61 60 61 59
74 60 61 61 58 61
74 60 61 61 59 60
74 60 61 61 60 59
74 60 61 61 61 58
74 60 61 62 57 61
74 60 61 62 58 60
74 60 61 62 59 59
74 60 61 62 60 58
74 60 61 63 57 60
74 60 61 63 58 59
74 60 62 57 61 61
74 60 62 58 60 61
74 60 62 58 61 60
74 60 62 59 59 61
74 60 62 59 61 59
74 60 62 59 62 58
74 60 62 60 58 61
74 60 62 60 59 60
74 60 62 60 60 59
74 60 62 60 61 58
74 60 62 61 58 60
74 60 62 62 57 60
74 60 62 62 58 59
74 60 62 62 59 58
74 60 63 58 60 60
74 60 63 59 59 60
74 60 63 60 58 60
74 60 63 60 60 58
74 60 63 61 58 59
74 61 57 59 62 62
74 61 57 60 61 62
74 61 57 60 62 61
74 61 57 60 63 60
74 61 57 61 62 60
74 61 57 61 63 59
74 61 57 62 62 59
74 61 58 58 61 63
74 61 58 59 60 63
74 61 58 59 62 61
74 61 58 59 63 60
74 61 58 60 60 62
74 61 58 60 61 61
74 61 58 60 62 60
74 61 58 61 59 62
74 61 58 61 60 61
74 61 58 61 61 60
74 61 58 61 62 59
74 61 58 61 63 58
74 61 58 62 59 61
74 61 58 62 62 58
74 61 59 57 61 63
74 61 59 58 60 63
74 61 59 58 61 62
74 61 59 58 62 61
74 61 59 59 59 63
74 61 59 59 60 62
74 61 59 59 61 61
74 61 59 59 62 60
74 61 59 60 59 62
74 61 59 60 61 60
74 61 59 60 62 59
74 61 59 60 63 58
74 61 59 61 58 62
74 61 59 61 59 61
74 61 59 61 60 60
74 61 59 61 61 59
74 61 59 62 58 61
74 61 59 63 59 59
74 61 59 63 60 58
74 61 60 57 60 63
74 61 60 57 61 62
74 61 60 58 60 62
74 61 60 58 61 61
74 61 60 58 62 60
74 61 60 59 59 62
74 61 60 59 60 61
74 61 60 59 61 60
74 61 60 59 62 59
74 61 60 60 58 62
74 61 60 60 59 61
74 61 60 60 60 60
74 61 60 60 61 59
74 61 60 60 62 58
74 61 60 61 57 62
74 61 60 61 59 60
74 61 60 61 60 59
74 61 60 61 61 58
74 61 60 61 62 57
74 61 60 62 57 61
74 61 60 62 59 59
74 61 60 62 60 58
74 61 60 62 61 57
74 61 60 63 58 59
74 61 60 63 59 58
74 61 61 57 60 62
74 61 61 58 59 62
74 61 61 58 61 60
74 61 61 58 62 59
74 61 61 59 58 62
74 61 61 59 59 61
74 61 61 59 60 60
74 61 61 59 61 59
74 61 61 59 62 58
74 61 61 60 58 61
74 61 61 60 60 59
74 61 61 60 62 57
74 61 61 61 58 60
74 61 61 61 59 59
74 61 61 61 60 58
74 61 61 62 57 60
74 61 61 62 58 59
74 61 61 62 59 58
74 61 62 57 60 61
74 61 62 58 59 61
74 61 62 58 61 59
74 61 62 59 58 61
74 61 62 59 59 60
74 61 62 59 60 59
74 61 62 59 61 58
74 61 62 60 58 60
74 61 62 60 59 59
74 61 62 60 60 58
74 61 62 60 61 57
74 61 62 61 57 60
74 61 62 62 57 59
74 61 62 62 58 58
74 61 63 58 60 59
74 61 63 59 59 59
74 61 63 59 60 58
74 61 63 60 58 59
74 61 63 60 59 58
74 62 57 59 62 61
74 62 57 60 61 61
74 62 57 60 62 60
74 62 58 58 61 62
74 62 58 58 62 61
74 62 58 59 59 63
74 62 58 59 60 62
74 62 58 59 62 60
74 62 58 60 60 61
74 62 58 60 61 60
74 62 58 60 62 59
74 62 58 61 59 61
74 62 58 61 60 60
74 62 58 61 61 59
74 62 58 62 60 59
74 62 58 62 61 58
74 62 59 57 61 62
74 62 59 58 60 62
74 62 59 58 62 60
74 62 59 59 58 63
74 62 59 59 59 62
74 62 59 59 60 61
74 62 59 59 62 59
74 62 59 60 58 62
74 62 59 60 59 61
74 62 59 60 60 60
74 62 59 60 61 59
74 62 59 60 62 58
74 62 59 61 58 61
74 62 59 61 59 60
74 62 59 61 60 59
74 62 59 61 61 58
74 62 59 61 62 57
74 62 59 62 59 59
74 62 59 62 60 58
74 62 59 62 61 57
74 62 60 58 60 61
74 62 60 59 58 62
74 62 60 59 59 61
74 62 60 59 60 60
74 62 60 61 57 61
74 62 60 61 58 60
74 62 60 61 59 59
74 62 60 61 60 58
74 62 60 61 61 57
74 62 60 62 58 59
74 62 60 62 59 58
74 62 60 62 60 57
74 62 61 57 60 61
74 62 61 58 59 61
74 62 61 58 60 60
74 62 61 58 61 59
74 62 61 59 58 61
74 62 61 59 59 60
74 62 61 59 60 59
74 62 61 59 61 58
74 62 61 60 58 60
74 62 61 60 59 59
74 62 61 60 60 58
74 62 61 60 61 57
74 62 61 61 57 60
74 62 61 61 59 58
74 62 61 61 60 57
74 62 61 62 57 59
74 62 62 58 59 60
74 62 62 58 60 59
74 62 62 59 59 59
74 62 62 60 58 59
74 62 62 60 59 58
74 62 62 61 58 58
74 62 62 61 59 57
74 62 63 59 59 58
74 62 63 60 58 58
74 63 58 58 60 62
74 63 58 59 60 61
74 63 58 59 61 60
74 63 58 60 60 60
74 63 58 60 61 59
74 63 59 58 59 62
74 63 59 58 60 61
74 63 59 59 59 61
74 63 59 59 61 59
74 63 59 60 59 60
74 63 59 60 61 58
74 63 59 61 60 58
74 63 60 58 59 61
74 63 60 58 60 60
74 63 60 59 58 61
74 63 60 60 58 60
74 63 60 60 60 58
74 63 60 61 58 59
74 63 60 61 60 57
74 63 61 59 59 59
74 63 61 60 58 59
74 63 61 60 59 58
74 63 61 60 60 57
74 63 61 61 58 58
74 63 61 61 59 57
74 63 62 58 59 59
74 63 62 59 58 59
74 64 60 59 59 59
76 56 62 61 60 61
76 57 59 62 62 60
76 57 59 63 60 61
76 57 59 63 61 60
76 57 60 60 61 62
76 57 60 60 62 61
76 57 60 61 60 62
76 57 60 61 61 61
76 57 60 61 62 60
76 57 60 62 60 61
76 57 60 62 61 60
76 57 60 63 59 61
76 57 61 59 61 62
76 57 61 59 62 61
76 57 61 59 63 60
76 57 61 60 62 60
76 57 61 60 63 59
76 57 61 61 59 62
76 57 61 61 60 61
76 57 61 62 58 62
76 57 61 62 59 61
76 57 61 62 60 60
76 57 61 62 61 59
76 57 61 63 58 61
76 57 61 63 59 60
76 57 62 58 61 62
76 57 62 58 62 61
76 57 62 59 60 62
76 57 62 59 61 61
76 57 62 59 63 59
76 57 62 60 60 61
76 57 62 60 61 60
76 57 62 60 62 59
76 57 62 61 58 62
76 57 62 61 59 61
76 57 62 61 61 59
76 57 62 62 58 61
76 57 62 62 59 60
76 57 63 59 60 61
76 57 63 59 61 60
76 57 63 59 62 59
76 57 63 60 59 61
76 57 63 60 60 60
76 57 63 60 61 59
76 57 63 61 59 60
76 57 64 58 61 60
76 57 64 59 60 60
76 58 58 62 61 61
76 58 58 62 63 59
76 58 58 63 62 59
76 58 59 59 62 62
76 58 59 59 63 61
76 58 59 60 60 63
76 58 59 60 61 62
76 58 59 60 63 60
76 58 59 60 64 59
76 58 59 61 59 63
76 58 59 61 60 62
76 58 59 61 61 61
76 58 59 61 62 60
76 58 59 61 63 59
76 58 59 62 58 63
76 58 59 62 59 62
76 58 59 62 60 61
76 58 59 62 61 60
76 58 59 63 58 62
76 58 59 63 59 61
76 58 59 63 60 60
76 58 59 64 58 61
76 58 59 64 59 60
76 58 60 59 60 63
76 58 60 59 63 60
76 58 60 59 64 59
76 58 60 61 58 63
76 58 60 61 59 62
76 58 60 61 60 61
76 58 60 61 61 60
76 58 60 61 62 59
76 58 60 62 59 61
76 58 60 62 61 59
76 58 60 63 59 60
76 58 60 63 60 59
76 58 60 64 57 61
76 58 61 57 62 62
76 58 61 58 60 63
76 58 61 58 61 62
76 58 61 58 62 61
76 58 61 58 63 60
76 58 61 59 59 63
76 58 61 59 60 62
76 58 61 59 61 61
76 58 61 60 59 62
76 58 61 60 61 60
76 58 61 60 62 59
76 58 61 61 58 62
76 58 61 61 60 60
76 58 61 61 61 59
76 58 61 61 62 58
76 58 61 62 57 62
76 58 61 62 59 60
76 58 61 62 60 59
76 58 61 63 58 60
76 58 61 63 59 59
76 58 62 57 61 62
76 58 62 57 62 61
76 58 62 58 63 59
76 58 62 59 61 60
76 58 62 59 63 58
76 58 62 60 59 61
76 58 62 61 58 61
76 58 62 61 59 60
76 58 62 61 60 59
76 58 62 62 57 61
76 58 63 57 61 61
76 58 63 58 60 61
76 58 63 58 62 59
76 58 63 59 59 61
76 58 63 59 60 60
76 58 63 59 61 59
76 58 63 59 62 58
76 58 63 60 59 60
76 58 63 60 60 59
76 58 63 61 58 60
76 58 63 61 59 59
76 58 64 58 61 59
76 58 64 59 60 59
76 59 57 61 61 62
76 59 57 61 62 61
76 59 57 61 63 60
76 59 57 62 62 60
76 59 57 62 63 59
76 59 57 63 61 60
76 59 57 63 62 59
76 59 58 59 61 63
76 59 58 59 63 61
76 59 58 60 60 63
76 59 58 60 61 62
76 59 58 60 62 61
76 59 58 60 63 60
76 59 58 60 64 59
76 59 58 61 60 62
76 59 58 61 61 61
76 59 58 61 63 59
76 59 58 61 64 58
76 59 58 62 58 63
76 59 58 62 60 61
76 59 58 62 61 60
76 59 58 62 63 58
76 59 58 63 58 62
76 59 58 63 59 61
76 59 58 63 62 58
76 59 58 64 59 60
76 59 58 64 60 59
76 59 59 58 61 63
76 59 59 58 63 61
76 59 59 59 60 63
76 59 59 59 61 62
76 59 59 59 62 61
76 59 59 59 63 60
76 59 59 60 58 64
76 59 59 60 59 63
76 59 59 60 60 62
76 59 59 60 61 61
76 59 59 60 62 60
76 59 59 60 63 59
76 59 59 60 64 58
76 59 59 61 59 62
76 59 59 61 61 60
76 59 59 61 62 59
76 59 59 61 63 58
76 59 59 62 57 63
76 59 59 62 59 61
76 59 59 62 60 60
76 59 59 62 61 59
76 59 59 62 62 58
76 59 59 63 57 62
76 59 59 63 58 61
76 59 59 63 59 60
76 59 59 63 60 59
76 59 59 63 61 58
76 59 59 64 58 60
76 59 60 57 61 63
76 59 60 58 60 63
76 59 60 58 61 62
76 59 60 58 62 61
76 59 60 59 59 63
76 59 60 59 60 62
76 59 60 59 62 60
76 59 60 59 63 59
76 59 60 60 58 63
76 59 60 60 59 62
76 59 60 60 60 61
76 59 60 60 61 60
76 59 60 60 62 59
76 59 60 60 63 58
76 59 60 61 57 63
76 59 60 61 59 61
76 59 60 61 60 60
76 59 60 61 62 58
76 59 60 61 63 57
76 59 60 62 58 61
76 59 60 62 59 60
76 59 60 62 60 59
76 59 60 62 61 58
76 59 60 63 57 61
76 59 60 63 58 60
76 59 60 63 59 59
76 59 60 63 60 58
76 59 60 64 57 60
76 59 61 57 60 63
76 59 61 57 61 62
76 59 61 57 62 61
76 59 61 58 59 63
76 59 61 58 60 62
76 59 61 58 62 60
76 59 61 58 63 59
76 59 61 59 58 63
76 59 61 59 59 62
76 59 61 59 60 61
76 59 61 59 61 60
76 59 61 59 62 59
76 59 61 60 61 59
76 59 61 60 62 58
76 59 61 60 63 57
76 59 61 61 57 62
76 59 61 61 58 61
76 59 61 61 59 60
76 59 61 61 60 59
76 59 61 61 61 58
76 59 61 62 57 61
76 59 61 62 59 59
76 59 61 62 60 58
76 59 61 63 57 60
76 59 61 63 58 59
76 59 62 57 60 62
76 59 62 57 61 61
76 59 62 58 60 61
76 59 62 58 61 60
76 59 62 58 62 59
76 59 62 59 58 62
76 59 62 59 59 61
76 59 62 59 60 60
76 59 62 59 61 59
76 59 62 60 59 60
76 59 62 60 60 59
76 59 62 60 61 58
76 59 62 60 62 57
76 59 62 61 57 61
76 59 62 61 58 60
76 59 62 61 59 59
76 59 62 62 57 60
76 59 62 62 59 58
76 59 63 57 60 61
76 59 63 57 61 60
76 59 63 58 59 61
76 59 63 58 60 60
76 59 63 58 61 59
76 59 63 59 59 60
76 59 63 59 60 59
76 59 63 59 61 58
76 59 63 60 58 60
76 59 63 60 59 59
76 59 63 60 60 58
76 59 63 61 58 59
76 59 63 61 59 58
76 59 64 58 60 59
76 59 64 59 60 58
76 60 57 59 61 63
76 60 57 59 62 62
76 60 57 59 63 61
76 60 57 60 61 62
76 60 57 60 63 60
76 60 57 60 64 59
76 60 57 61 59 63
76 60 57 61 60 62
76 60 57 61 62 60
76 60 57 61 63 59
76 60 57 61 64 58
76 60 57 62 59 62
76 60 57 62 60 61
76 60 57 62 61 60
76 60 57 63 61 59
76 60 58 58 61 63
76 60 58 58 63 61
76 60 58 59 59 64
76 60 58 59 60 63
76 60 58 59 61 62
76 60 58 59 62 61
76 60 58 59 63 60
76 60 58 60 59 63
76 60 58 60 61 61
76 60 58 60 63 59
76 60 58 61 59 62
76 60 58 61 60 61
76 60 58 61 61 60
76 60 58 61 62 59
76 60 58 62 59 61
76 60 58 63 59 60
76 60 58 63 60 59
76 60 58 63 61 58
76 60 59 57 60 64
76 60 59 57 61 63
76 60 59 57 62 62
76 60 59 58 59 64
76 60 59 58 60 63
76 60 59 58 62 61
76 60 59 58 63 60
76 60 59 59 58 64
76 60 59 59 59 63
76 60 59 59 60 62
76 60 59 59 61 61
76 60 59 59 62 60
76 60 59 59 63 59
76 60 59 60 59 62
76 60 59 60 60 61
76 60 59 60 62 59
76 60 59 60 63 58
76 60 59 61 57 63
76 60 59 61 58 62
76 60 59 61 59 61
76 60 59 61 60 60
76 60 59 61 61 59
76 60 59 61 62 58
76 60 59 61 63 57
76 60 59 62 57 62
76 60 59 62 59 60
76 60 59 62 60 59
76 60 59 62 61 58
76 60 59 63 57 61
76 60 59 63 58 60
76 60 59 63 59 59
76 60 60 57 60 63
76 60 60 57 61 62
76 60 60 58 59 63
76 60 60 58 63 59
76 60 60 59 58 63
76 60 60 59 59 62
76 60 60 59 61 60
76 60 60 59 62 59
76 60 60 59 63 58
76 60 60 60 59 61
76 60 60 60 61 59
76 60 60 61 57 62
76 60 60 61 58 61
76 60 60 61 60 59
76 60 60 61 61 58
76 60 60 61 62 57
76 60 60 62 57 61
76 60 60 62 59 59
76 60 60 62 61 57
76 60 60 63 57 60
76 60 60 63 58 59
76 60 60 63 59 58
76 60 61 56 61 62
76 60 61 57 61 61
76 60 61 57 62 60
76 60 61 58 59 62
76 60 61 58 60 61
76 60 61 58 61 60
76 60 61 58 62 59
76 60 61 59 59 61
76 60 61 59 60 60
76 60 61 59 62 58
76 60 61 60 57 62
76 60 61 60 59 60
76 60 61 60 60 59
76 60 61 60 61 58
76 60 61 60 62 57
76 60 61 61 61 57
76 60 61 62 57 60
76 60 61 62 58 59
76 60 61 62 60 57
76 60 61 63 57 59
76 60 62 57 60 61
76 60 62 57 61 60
76 60 62 58 59 61
76 60 62 58 61 59
76 60 62 59 58 61
76 60 62 59 59 60
76 60 62 59 60 59
76 60 62 59 61 58
76 60 62 60 57 61
76 60 62 60 59 59
76 60 62 60 61 57
76 60 62 61 58 59
76 60 62 61 60 57
76 60 63 57 61 59
76 60 63 58 59 60
76 60 63 58 60 59
76 60 63 59 58 60
76 60 63 59 59 59
76 60 63 60 59 58
76 60 64 59 59 58
76 61 56 60 62 61
76 61 57 58 61 63
76 61 57 58 62 62
76 61 57 59 60 63
76 61 57 59 61 62
76 61 57 59 62 61
76 61 57 59 63 60
76 61 57 60 59 63
76 61 57 60 60 62
76 61 57 60 61 61
76 61 57 60 62 60
76 61 57 60 63 59
76 61 57 61 60 61
76 61 57 61 62 59
76 61 57 62 60 60
76 61 57 62 61 59
76 61 57 62 62 58
76 61 58 57 60 64
76 61 58 57 62 62
76 61 58 58 59 64
76 61 58 58 62 61
76 61 58 59 59 63
76 61 58 59 60 62
76 61 58 59 62 60
76 61 58 59 63 59
76 61 58 60 59 62
76 61 58 60 60 61
76 61 58 60 63 58
76 61 58 61 58 62
76 61 58 61 59 61
76 61 58 61 61 59
76 61 58 61 63 57
76 61 58 62 61 58
76 61 58 62 62 57
76 61 58 63 59 59
76 61 59 57 60 63
76 61 59 57 61 62
76 61 59 57 62 61
76 61 59 58 59 63
76 61 59 58 60 62
76 61 59 58 61 61
76 61 59 59 58 63
76 61 59 59 59 62
76 61 59 59 60 61
76 61 59 59 62 59
76 61 59 59 63 58
76 61 59 60 58 62
76 61 59 60 60 60
76 61 59 60 61 59
76 61 59 60 62 58
76 61 59 60 63 57
76 61 59 61 58 61
76 61 59 61 59 60
76 61 59 61 62 57
76 61 59 62 57 61
76 61 59 62 58 60
76 61 59 62 59 59
76 61 59 62 60 58
76 61 59 62 61 57
76 61 59 63 58 59
76 61 59 63 59 58
76 61 60 57 59 63
76 61 60 57 60 62
76 61 60 57 62 60
76 61 60 58 60 61
76 61 60 58 62 59
76 61 60 59 58 62
76 61 60 59 59 61
76 61 60 59 60 60
76 61 60 59 61 59
76 61 60 59 62 58
76 61 60 60 57 62
76 61 60 60 58 61
76 61 60 60 59 60
76 61 60 60 61 58
76 61 60 60 62 57
76 61 60 61 58 60
76 61 60 61 59 59
76 61 60 61 61 57
76 61 60 62 58 59
76 61 60 62 59 58
76 61 60 63 57 59
76 61 60 63 58 58
76 61 61 57 59 62
76 61 61 57 61 60
76 61 61 58 59 61
76 61 61 58 60 60
76 61 61 58 61 59
76 61 61 59 58 61
76 61 61 59 60 59
76 61 61 59 61 58
76 61 61 59 62 57
76 61 61 60 57 61
76 61 61 60 58 60
76 61 61 60 59 59
76 61 61 60 60 58
76 61 61 61 57 60
76 61 61 61 59 58
76 61 61 62 56 60
76 61 61 62 57 59
76 61 61 62 58 58
76 61 61 62 59 57
76 61 62 57 59 61
76 61 62 57 60 60
76 61 62 58 59 60
76 61 62 58 60 59
76 61 62 58 61 58
76 61 62 59 58 60
76 61 62 59 59 59
76 61 62 59 60 58
76 61 62 60 57 60
76 61 62 60 58 59
76 61 62 60 60 57
76 61 62 61 57 59
76 61 62 61 58 58
76 61 62 61 59 57
76 61 62 62 57 58
76 61 63 57 60 59
76 61 63 59 58 59
76 61 63 59 60 57
76 61 63 60 58 58
76 61 63 60 59 57
76 62 57 58 61 62
76 62 57 58 62 61
76 62 57 59 61 61
76 62 57 60 60 61
76 62 57 60 62 59
76 62 57 61 60 60
76 62 57 61 61 59
76 62 57 61 62 58
76 62 58 57 61 62
76 62 58 58 59 63
76 62 58 58 61 61
76 62 58 59 59 62
76 62 58 59 60 61
76 62 58 59 61 60
76 62 58 60 59 61
76 62 58 60 61 59
76 62 58 61 59 60
76 62 58 61 61 58
76 62 58 61 62 57
76 62 58 62 59 59
76 62 58 62 61 57
76 62 59 57 59 63
76 62 59 57 61 61
76 62 59 58 58 63
76 62 59 58 62 59
76 62 59 59 59 61
76 62 59 59 60 60
76 62 59 59 61 59
76 62 59 60 58 61
76 62 59 60 59 60
76 62 59 60 60 59
76 62 59 60 61 58
76 62 59 60 62 57
76 62 59 61 57 61
76 62 59 61 58 60
76 62 59 61 59 59
76 62 59 61 60 58
76 62 59 61 61 57
76 62 60 57 59 62
76 62 60 57 60 61
76 62 60 57 61 60
76 62 60 58 59 61
76 62 60 59 57 62
76 62 60 59 58 61
76 62 60 59 59 60
76 62 60 59 60 59
76 62 60 59 61 58
76 62 60 60 57 61
76 62 60 60 59 59
76 62 60 61 57 60
76 62 60 61 58 59
76 62 60 61 60 57
76 62 60 61 61 56
76 62 60 62 57 59
76 62 60 62 59 57
76 62 61 57 60 60
76 62 61 58 58 61
76 62 61 58 59 60
76 62 61 58 60 59
76 62 61 59 58 60
76 62 61 59 59 59
76 62 61 59 61 57
76 62 61 60 57 60
76 62 61 60 58 59
76 62 61 60 59 58
76 62 61 60 60 57
76 62 61 61 57 59
76 62 61 61 59 57
76 62 61 62 57 58
76 62 61 62 58 57
76 62 62 57 60 59
76 62 62 59 58 59
76 62 62 59 60 57
76 62 62 61 57 58
76 62 62 61 58 57
76 62 63 58 59 58
76 62 63 59 58 58
76 62 63 59 59 57
76 63 58 58 59 62
76 63 58 58 60 61
76 63 58 59 59 61
76 63 58 59 61 59
76 63 58 60 59 60
76 63 58 60 60 59
76 63 58 60 61 58
76 63 59 57 59 62
76 63 59 57 60 61
76 63 59 58 58 62
76 63 59 58 60 60
76 63 59 58 61 59
76 63 59 59 59 60
76 63 59 59 60 59
76 63 59 59 61 58
76 63 59 60 58 60
76 63 59 60 59 59
76 63 59 60 60 58
76 63 59 60 61 57
76 63 59 61 58 59
76 63 59 61 59 58
76 63 59 61 60 57
76 63 60 57 59 61
76 63 60 58 60 59
76 63 60 59 57 61
76 63 60 59 58 60
76 63 60 59 59 59
76 63 60 59 60 58
76 63 60 60 58 59
76 63 60 60 59 58
76 63 60 60 60 57
76 63 60 61 57 59
76 63 60 61 58 58
76 63 60 61 59 57
76 63 61 58 59 59
76 63 61 59 57 60
76 63 61 59 58 59
76 63 61 59 59 58
76 63 61 59 60 57
76 63 61 60 57 59
76 63 61 60 59 57
76 63 61 61 57 58
76 63 62 58 59 58
76 63 62 59 58 58
76 63 62 59 59 57
76 64 59 58 59 60
76 64 60 58 59 59
76 64 60 59 58 59
76 64 60 59 59 58
76 64 60 60 59 57
76 64 61 59 58 58
76 64 61 60 58 57
78 57 59 61 61 61
78 57 59 61 62 60
78 57 59 62 60 61
78 57 59 62 61 60
78 57 60 60 60 62
78 57 60 60 61 61
78 57 60 60 62 60
78 57 60 61 60 61
78 57 60 61 61 60
78 57 60 61 62 59
78 57 60 62 58 62
78 57 61 58 62 61
78 57 61 59 60 62
78 57 61 59 61 61
78 57 61 59 62 60
78 57 61 59 63 59
78 57 61 60 60 61
78 57 61 60 61 60
78 57 61 60 62 59
78 57 61 61 58 62
78 57 61 61 60 60
78 57 61 62 58 61
78 57 61 62 59 60
78 57 62 58 61 61
78 57 62 59 61 60
78 57 62 60 59 61
78 57 62 60 60 60
78 57 62 61 58 61
78 57 62 61 60 59
78 57 63 59 61 59
78 57 63 60 59 60
78 58 58 60 62 61
78 58 58 60 63 60
78 58 58 61 60 62
78 58 58 61 61 61
78 58 58 61 63 59
78 58 58 62 59 62
78 58 58 62 60 61
78 58 58 62 62 59
78 58 58 63 59 61
78 58 58 63 60 60
78 58 59 59 62 61
78 58 59 59 63 60
78 58 59 60 59 63
78 58 59 60 60 62
78 58 59 60 62 60
78 58 59 60 63 59
78 58 59 61 58 63
78 58 59 61 59 62
78 58 59 61 62 59
78 58 59 61 63 58
78 58 59 62 58 62
78 58 59 62 59 61
78 58 59 62 60 60
78 58 59 62 62 58
78 58 59 63 58 61
78 58 59 63 59 60
78 58 59 63 60 59
78 58 60 58 62 61
78 58 60 58 63 60
78 58 60 59 60 62
78 58 60 59 62 60
78 58 60 60 58 63
78 58 60 60 59 62
78 58 60 60 60 61
78 58 60 60 61 60
78 58 60 60 62 59
78 58 60 60 63 58
78 58 60 61 58 62
78 58 60 61 60 60
78 58 60 61 62 58
78 58 60 62 59 60
78 58 60 62 60 59
78 58 60 62 61 58
78 58 60 63 59 59
78 58 61 57 61 62
78 58 61 57 62 61
78 58 61 58 60 62
78 58 61 58 61 61
78 58 61 58 62 60
78 58 61 58 63 59
78 58 61 59 60 61
78 58 61 60 58 62
78 58 61 60 59 61
78 58 61 60 60 60
78 58 61 61 57 62
78 58 61 61 58 61
78 58 61 61 59 60
78 58 61 61 60 59
78 58 61 61 61 58
78 58 61 62 57 61
78 58 61 62 58 60
78 58 61 62 59 59
78 58 62 57 61 61
78 58 62 57 62 60
78 58 62 58 60 61
78 58 62 58 62 59
78 58 62 59 61 59
78 58 62 59 62 58
78 58 62 60 59 60
78 58 62 60 60 59
78 58 62 61 58 60
78 58 62 61 59 59
78 58 62 61 60 58
78 58 63 58 61 59
78 58 63 59 59 60
78 58 63 59 60 59
78 58 63 59 61 58
78 58 63 60 60 58
78 59 57 60 62 61
78 59 57 61 63 59
78 59 57 62 60 61
78 59 57 62 61 60
78 59 57 63 61 59
78 59 58 59 60 63
78 59 58 59 61 62
78 59 58 59 62 61
78 59 58 60 59 63
78 59 58 60 60 62
78 59 58 60 61 61
78 59 58 60 62 60
78 59 58 60 63 59
78 59 58 61 62 59
78 59 58 61 63 58
78 59 58 62 58 62
78 59 58 62 59 61
78 59 58 62 60 60
78 59 58 62 62 58
78 59 58 63 58 61
78 59 58 63 59 60
78 59 58 63 61 58
78 59 59 58 60 63
78 59 59 59 59 63
78 59 59 59 60 62
78 59 59 59 61 61
78 59 59 59 62 60
78 59 59 59 63 59
78 59 59 60 59 62
78 59 59 60 60 61
78 59 59 60 61 60
78 59 59 60 62 59
78 59 59 60 63 58
78 59 59 61 57 63
78 59 59 61 62 58
78 59 59 62 58 61
78 59 59 62 59 60
78 59 59 62 60 59
78 59 59 62 61 58
78 59 59 63 57 61
78 59 59 63 58 60
78 59 59 63 59 59
78 59 59 63 60 58
78 59 60 57 60 63
78 59 60 57 61 62
78 59 60 58 60 62
78 59 60 58 61 61
78 59 60 58 62 60
78 59 60 58 63 59
78 59 60 59 58 63
78 59 60 59 59 62
78 59 60 59 62 59
78 59 60 59 63 58
78 59 60 60 58 62
78 59 60 60 60 60
78 59 60 60 62 58
78 59 60 61 57 62
78 59 60 61 60 59
78 59 60 61 62 57
78 59 60 62 57 61
78 59 60 62 59 59
78 59 60 62 60 58
78 59 60 63 58 59
78 59 61 58 59 62
78 59 61 58 60 61
78 59 61 58 62 59
78 59 61 59 58 62
78 59 61 59 59 61
78 59 61 60 60 59
78 59 61 60 62 57
78 59 61 61 57 61
78 59 61 61 58 60
78 59 61 61 59 59
78 59 61 61 61 57
78 59 62 57 60 61
78 59 62 58 59 61
78 59 62 58 60 60
78 59 62 58 61 59
78 59 62 58 62 58
78 59 62 59 59 60
78 59 62 59 60 59
78 59 62 59 61 58
78 59 62 60 58 60
78 59 62 60 59 59
78 59 62 60 60 58
78 59 62 60 61 57
78 59 62 61 57 60
78 59 62 61 59 58
78 59 63 58 59 60
78 59 63 58 60 59
78 59 63 58 61 58
78 59 63 59 59 59
78 59 63 59 60 58
78 59 63 60 59 58
78 60 57 59 61 62
78 60 57 59 63 60
78 60 57 60 61 61
78 60 57 60 62 60
78 60 57 61 59 62
78 60 57 61 60 61
78 60 57 61 61 60
78 60 57 61 62 59
78 60 57 62 59 61
78 60 57 62 60 60
78 60 57 62 61 59
78 60 58 58 61 62
78 60 58 58 62 61
78 60 58 59 59 63
78 60 58 59 60 62
78 60 58 59 61 61
78 60 58 59 62 60
78 60 58 59 63 59
78 60 58 60 58 63
78 60 58 60 59 62
78 60 58 60 60 61
78 60 58 60 61 60
78 60 58 61 60 60
78 60 58 62 59 60
78 60 58 62 60 59
78 60 58 62 61 58
78 60 58 62 62 57
78 60 58 63 58 60
78 60 58 63 59 59
78 60 58 63 60 58
78 60 59 57 62 61
78 60 59 58 59 63
78 60 59 58 61 61
78 60 59 58 62 60
78 60 59 59 58 63
78 60 59 59 59 62
78 60 59 59 62 59
78 60 59 59 63 58
78 60 59 60 58 62
78 60 59 60 60 60
78 60 59 60 62 58
78 60 59 61 57 62
78 60 59 61 59 60
78 60 59 62 58 60
78 60 59 62 59 59
78 60 59 62 60 58
78 60 60 57 60 62
78 60 60 57 61 61
78 60 60 57 62 60
78 60 60 58 58 63
78 60 60 58 59 62
78 60 60 58 60 61
78 60 60 58 61 60
78 60 60 58 62 59
78 60 60 59 58 62
78 60 60 59 59 61
78 60 60 59 60 60
78 60 60 59 61 59
78 60 60 59 62 58
78 60 60 60 57 62
78 60 60 60 58 61
78 60 60 60 59 60
78 60 60 60 60 59
78 60 60 60 61 58
78 60 60 61 57 61
78 60 60 61 58 60
78 60 60 61 60 58
78 60 60 61 61 57
78 60 60 62 57 60
78 60 60 62 58 59
78 60 60 62 59 58
78 60 60 62 60 57
78 60 60 63 57 59
78 60 61 57 59 62
78 60 61 57 60 61
78 60 61 57 61 60
78 60 61 58 58 62
78 60 61 58 59 61
78 60 61 58 60 60
78 60 61 58 62 58
78 60 61 59 59 60
78 60 61 60 57 61
78 60 61 60 58 60
78 60 61 60 60 58
78 60 61 60 61 57
78 60 61 61 57 60
78 60 61 61 58 59
78 60 61 61 60 57
78 60 61 62 57 59
78 60 62 57 61 59
78 60 62 58 59 60
78 60 62 58 60 59
78 60 62 58 61 58
78 60 62 59 58 60
78 60 62 59 59 59
78 60 62 59 60 58
78 60 62 59 61 57
78 60 62 60 57 60
78 60 62 60 58 59
78 60 62 60 59 58
78 60 62 60 60 57
78 60 62 61 58 58
78 60 63 58 59 59
78 60 63 58 60 58
78 60 63 59 58 59
78 60 63 60 58 58
78 61 57 58 61 62
78 61 57 58 62 61
78 61 57 59 62 60
78 61 57 60 59 62
78 61 57 60 60 61
78 61 57 60 61 60
78 61 57 61 59 61
78 61 57 61 60 60
78 61 57 61 61 59
78 61 57 61 62 58
78 61 57 62 61 58
78 61 58 57 61 62
78 61 58 58 59 63
78 61 58 58 61 61
78 61 58 59 58 63
78 61 58 59 59 62
78 61 58 59 61 60
78 61 58 60 58 62
78 61 58 60 60 60
78 61 58 60 61 59
78 61 58 60 62 58
78 61 58 61 58 61
78 61 58 61 61 58
78 61 58 61 62 57
78 61 58 62 58 60
78 61 58 62 59 59
78 61 58 62 60 58
78 61 58 62 61 57
78 61 59 57 59 63
78 61 59 57 60 62
78 61 59 57 61 61
78 61 59 58 58 63
78 61 59 58 59 62
78 61 59 59 58 62
78 61 59 59 61 59
78 61 59 59 62 58
78 61 59 60 57 62
78 61 59 60 59 60
78 61 59 60 61 58
78 61 59 60 62 57
78 61 59 61 58 60
78 61 59 61 59 59
78 61 59 61 60 58
78 61 59 62 57 60
78 61 59 62 58 59
78 61 60 57 60 61
78 61 60 57 61 60
78 61 60 58 60 60
78 61 60 59 57 62
78 61 60 59 60 59
78 61 60 59 61 58
78 61 60 60 57 61
78 61 60 60 58 60
78 61 60 60 60 58
78 61 60 60 61 57
78 61 60 61 57 60
78 61 60 61 58 59
78 61 60 61 59 58
78 61 60 61 60 57
78 61 60 62 58 58
78 61 60 62 59 57
78 61 61 57 60 60
78 61 61 57 61 59
78 61 61 58 58 61
78 61 61 58 61 58
78 61 61 59 57 61
78 61 61 60 57 60
78 61 61 60 60 57
78 61 61 61 58 58
78 61 61 61 59 57
78 61 61 62 57 58
78 61 62 57 60 59
78 61 62 58 58 60
78 61 62 59 58 59
78 61 62 59 60 57
78 61 62 60 58 58
78 61 62 60 59 57
78 61 62 61 57 58
78 61 62 61 58 57
78 61 63 59 58 58
78 61 63 59 59 57
78 62 57 58 60 62
78 62 57 58 61 61
78 62 57 60 60 60
78 62 57 60 61 59
78 62 58 57 61 61
78 62 58 58 59 62
78 62 58 58 60 61
78 62 58 58 61 60
78 62 58 59 58 62
78 62 58 59 59 61
78 62 58 59 60 60
78 62 58 60 58 61
78 62 58 60 59 60
78 62 58 60 60 59
78 62 58 60 61 58
78 62 58 61 61 57
78 62 59 57 60 61
78 62 59 58 58 62
78 62 59 58 60 60
78 62 59 58 61 59
78 62 59 59 59 60
78 62 59 59 60 59
78 62 59 59 61 58
78 62 59 60 58 60
78 62 59 60 59 59
78 62 59 60 60 58
78 62 59 61 58 59
78 62 59 61 60 57
78 62 60 57 59 61
78 62 60 57 60 60
78 62 60 58 59 60
78 62 60 58 60 59
78 62 60 58 61 58
78 62 60 59 57 61
78 62 60 59 58 60
78 62 60 59 59 59
78 62 60 59 60 58
78 62 60 59 61 57
78 62 60 60 58 59
78 62 60 60 60 57
78 62 60 61 57 59
78 62 60 61 58 58
78 62 61 57 59 60
78 62 61 57 60 59
78 62 61 58 58 60
78 62 61 58 59 59
78 62 61 59 57 60
78 62 61 59 58 59
78 62 61 59 59 58
78 62 61 60 59 57
78 62 61 61 57 58
78 62 61 61 58 57
78 62 62 58 58 59
78 62 62 58 59 58
78 62 62 59 58 58
78 62 62 60 57 58
78 63 58 58 59 61
78 63 58 58 60 60
78 63 58 59 59 60
78 63 59 57 59 61
78 63 59 58 60 59
78 63 59 59 58 60
78 63 59 59 59 59
78 63 59 60 58 59
78 63 59 60 59 58
78 63 59 60 60 57
78 63 60 58 58 60
78 63 60 58 59 59
78 63 60 58 60 58
78 63 60 59 58 59
78 63 60 59 59 58
78 63 61 58 58 59
78 63 61 58 59 58
78 63 61 59 58 58
78 63 61 59 59 57
80 59 59 60 60 60
80 59 60 59 60 60
80 59 60 60 59 60
80 59 60 60 60 59
80 60 59 59 60 60
80 60 59 60 59 60
80 60 59 60 60 59
80 60 60 59 59 60
80 60 60 59 60 59
80 60 60 60 59 59
