67 54 56 56 56 57
67 54 56 57 55 57
67 54 56 57 56 56
67 54 57 55 56 57
67 54 57 55 57 56
67 54 57 56 56 56
67 54 57 57 55 56
67 55 55 56 56 57
67 55 55 56 57 56
67 55 55 56 58 55
67 55 55 58 55 56
67 55 56 55 56 57
67 55 56 55 57 56
67 55 56 56 55 57
67 55 56 56 56 56
67 55 56 57 54 57
67 55 56 57 56 55
67 55 57 54 56 57
67 55 57 54 57 56
67 55 57 56 55 56
67 55 57 56 56 55
67 55 57 57 54 56
67 55 58 55 56 55
67 56 54 55 57 57
67 56 54 56 56 57
67 56 54 56 57 56
67 56 54 57 57 55
67 56 55 54 57 57
67 56 55 55 55 58
67 56 55 55 57 56
67 56 55 56 56 56
67 56 55 57 55 56
67 56 55 57 56 55
67 56 55 57 57 54
67 56 56 54 56 57
67 56 56 54 57 56
67 56 56 55 55 57
67 56 56 55 56 56
67 56 56 55 57 55
67 56 56 56 55 56
67 56 56 56 56 55
67 56 56 56 57 54
67 56 56 57 54 56
67 56 56 57 55 55
67 56 56 57 56 54
67 56 57 54 56 56
67 56 57 55 55 56
67 56 57 56 54 56
67 56 57 56 55 55
67 57 54 55 56 57
67 57 54 56 56 56
67 57 54 56 57 55
67 57 55 54 56 57
67 57 55 55 56 56
67 57 55 56 55 56
67 57 55 56 56 55
67 57 55 56 57 54
67 57 56 55 56 55
67 57 56 56 54 56
67 57 56 56 56 54
67 57 56 57 54 55
67 57 56 57 55 54
67 57 57 56 54 55
67 57 57 56 55 54
67 58 56 55 55 55
69 53 56 56 57 56
69 53 56 56 58 55
69 53 56 57 55 57
69 53 56 58 54 57
69 53 56 58 55 56
69 53 57 55 57 56
69 53 57 55 58 55
69 53 57 56 55 57
69 53 57 56 56 56
69 53 57 57 54 57
69 53 57 57 55 56
69 53 57 57 56 55
69 53 58 54 57 56
69 53 58 55 56 56
69 53 58 55 57 55
69 53 58 56 55 56
69 53 58 56 56 55
69 54 54 56 57 57
69 54 54 56 58 56
69 54 54 57 56 57
69 54 54 57 57 56
69 54 54 57 58 55
69 54 54 58 55 57
69 54 54 58 56 56
69 54 54 58 57 55
69 54 55 55 56 58
69 54 55 55 57 57
69 54 55 55 58 56
69 54 55 56 55 58
69 54 55 56 56 57
69 54 55 56 57 56
69 54 55 56 58 55
69 54 55 57 55 57
69 54 55 57 57 55
69 54 55 57 58 54
69 54 55 58 55 56
69 54 55 58 56 55
69 54 56 54 56 58
69 54 56 54 58 56
69 54 56 55 56 57
69 54 56 55 57 56
69 54 56 55 58 55
69 54 56 56 54 58
69 54 56 56 55 57
69 54 56 56 57 55
69 54 56 56 58 54
69 54 56 57 54 57
69 54 56 57 56 55
69 54 56 57 57 54
69 54 56 58 53 57
69 54 56 58 55 55
69 54 57 53 57 57
69 54 57 54 57 56
69 54 57 55 55 57
69 54 57 55 57 55
69 54 57 55 58 54
69 54 57 56 55 56
69 54 57 56 56 55
69 54 57 56 57 54
69 54 57 57 55 55
69 54 57 57 56 54
69 54 58 53 57 56
69 54 58 55 55 56
69 54 58 55 56 55
69 54 58 55 57 54
69 54 58 56 54 56
69 54 58 56 55 55
69 54 58 56 56 54
69 55 53 56 57 57
69 55 53 56 58 56
69 55 53 57 58 55
69 55 53 58 56 56
69 55 53 58 57 55
69 55 54 55 56 58
69 55 54 55 57 57
69 55 54 55 58 56
69 55 54 56 55 58
69 55 54 56 56 57
69 55 54 56 57 56
69 55 54 56 58 55
69 55 54 57 54 58
69 55 54 57 55 57
69 55 54 57 56 56
69 55 54 57 57 55
69 55 54 58 54 57
69 55 54 58 55 56
69 55 54 58 56 55
69 55 55 54 56 58
69 55 55 54 57 57
69 55 55 55 56 57
69 55 55 55 57 56
69 55 55 56 54 58
69 55 55 56 55 57
69 55 55 56 56 56
69 55 55 56 57 55
69 55 55 56 58 54
69 55 55 57 53 58
69 55 55 57 54 57
69 55 55 57 55 56
69 55 55 57 56 55
69 55 55 57 57 54
69 55 55 58 53 57
69 55 55 58 54 56
69 55 55 58 56 54
69 55 56 53 56 58
69 55 56 53 57 57
69 55 56 54 55 58
69 55 56 54 56 57
69 55 56 54 57 56
69 55 56 54 58 55
69 55 56 55 54 58
69 55 56 55 55 57
69 55 56 55 57 55
69 55 56 55 58 54
69 55 56 56 54 57
69 55 56 56 56 55
69 55 56 57 53 57
69 55 56 57 55 55
69 55 56 57 56 54
69 55 56 58 53 56
69 55 56 58 54 55
69 55 56 58 55 54
69 55 57 53 56 57
69 55 57 53 57 56
69 55 57 54 55 57
69 55 57 54 57 55
69 55 57 55 54 57
69 55 57 55 55 56
69 55 57 55 56 55
69 55 57 55 57 54
69 55 57 56 54 56
69 55 57 56 55 55
69 55 57 56 56 54
69 55 57 57 54 55
69 55 57 57 55 54
69 55 58 53 56 56
69 55 58 54 55 56
69 55 58 54 56 55
69 55 58 54 57 54
69 55 58 55 54 56
69 55 58 55 56 54
69 55 58 56 55 54
69 56 53 55 56 58
69 56 53 55 57 57
69 56 53 55 58 56
69 56 53 56 57 56
69 56 53 56 58 55
69 56 53 57 56 56
69 56 53 57 57 55
69 56 53 57 58 54
69 56 54 54 58 56
69 56 54 55 55 58
69 56 54 55 57 56
69 56 54 55 58 55
69 56 54 56 54 58
69 56 54 57 54 57
69 56 54 57 55 56
69 56 54 57 56 55
69 56 54 57 57 54
69 56 54 57 58 53
69 56 54 58 54 56
69 56 54 58 55 55
69 56 54 58 56 54
69 56 55 53 56 58
69 56 55 54 55 58
69 56 55 54 57 56
69 56 55 54 58 55
69 56 55 55 54 58
69 56 55 55 55 57
69 56 55 55 57 55
69 56 55 55 58 54
69 56 55 56 53 58
69 56 55 56 54 57
69 56 55 56 55 56
69 56 55 56 58 53
69 56 55 57 54 56
69 56 55 57 55 55
69 56 55 57 56 54
69 56 55 57 57 53
69 56 55 58 53 56
69 56 55 58 54 55
69 56 56 53 55 58
69 56 56 53 56 57
69 56 56 54 54 58
69 56 56 54 55 57
69 56 56 54 57 55
69 56 56 55 54 57
69 56 56 55 55 56
69 56 56 55 56 55
69 56 56 55 57 54
69 56 56 56 53 57
69 56 56 57 53 56
69 56 56 57 54 55
69 56 56 57 55 54
69 56 56 58 53 55
69 56 56 58 54 54
69 56 57 53 55 57
69 56 57 54 54 57
69 56 57 54 55 56
69 56 57 54 57 54
69 56 57 55 54 56
69 56 57 55 55 55
69 56 57 55 56 54
69 56 57 56 54 55
69 56 57 56 55 54
69 56 57 56 56 53
69 56 57 57 53 55
69 56 58 54 55 55
69 56 58 54 56 54
69 56 58 55 54 55
69 56 58 55 55 54
69 56 58 55 56 53
69 56 58 56 54 54
69 57 53 54 56 58
69 57 53 54 57 57
69 57 53 55 56 57
69 57 53 55 57 56
69 57 54 53 56 58
69 57 54 54 56 57
69 57 54 55 54 58
69 57 54 55 55 57
69 57 54 55 56 56
69 57 54 55 57 55
69 57 54 56 54 57
69 57 54 56 55 56
69 57 54 56 56 55
69 57 54 57 54 56
69 57 54 57 55 55
69 57 54 57 57 53
69 57 55 53 55 58
69 57 55 53 56 57
69 57 55 54 54 58
69 57 55 54 55 57
69 57 55 54 56 56
69 57 55 54 57 55
69 57 55 55 54 57
69 57 55 55 55 56
69 57 55 55 56 55
69 57 55 55 57 54
69 57 55 56 54 56
69 57 55 56 55 55
69 57 55 56 56 54
69 57 55 56 57 53
69 57 55 57 53 56
69 57 55 57 54 55
69 57 55 57 55 54
69 57 55 57 56 53
69 57 56 53 56 56
69 57 56 54 54 57
69 57 56 54 55 56
69 57 56 54 56 55
69 57 56 54 57 54
69 57 56 55 55 55
69 57 56 55 56 54
69 57 56 55 57 53
69 57 56 56 56 53
69 57 56 57 53 55
69 57 57 54 54 56
69 57 57 54 55 55
69 57 57 54 56 54
69 57 57 55 54 55
69 57 57 55 55 54
69 57 57 56 53 55
69 57 57 56 54 54
69 57 57 56 55 53
69 57 57 57 53 54
69 57 58 54 55 54
69 57 58 55 55 53
69 58 54 54 56 56
69 58 54 55 55 56
69 58 54 56 55 55
69 58 54 56 56 54
69 58 55 53 55 57
69 58 55 54 54 57
69 58 55 54 55 56
69 58 55 54 56 55
69 58 55 55 54 56
69 58 55 55 56 54
69 58 55 56 54 55
69 58 55 56 55 54
69 58 55 56 56 53
69 58 56 53 55 56
69 58 56 54 54 56
69 58 56 54 55 55
69 58 56 54 56 54
69 58 56 55 54 55
69 58 56 55 55 54
69 58 56 55 56 53
69 58 56 56 53 55
69 58 56 56 55 53
69 58 57 54 54 55
69 58 57 54 55 54
69 58 57 55 55 53
69 58 57 56 53 54
69 58 57 56 54 53
71 52 56 57 56 56
71 52 57 56 57 55
71 52 58 55 56 56
71 52 58 55 57 55
71 53 54 57 57 56
71 53 54 58 56 56
71 53 55 56 55 58
71 53 55 56 56 57
71 53 55 56 58 55
71 53 55 57 54 58
71 53 55 58 54 57
71 53 55 58 55 56
71 53 56 54 58 56
71 53 56 55 55 58
71 53 56 55 57 56
71 53 56 55 58 55
71 53 56 56 54 58
71 53 56 56 55 57
71 53 56 56 56 56
71 53 56 56 57 55
71 53 56 56 58 54
71 53 56 57 54 57
71 53 56 57 56 55
71 53 56 57 57 54
71 53 56 58 53 57
71 53 56 58 54 56
71 53 56 58 55 55
71 53 57 54 56 57
71 53 57 54 58 55
71 53 57 55 56 56
71 53 57 56 55 56
71 53 57 56 56 55
71 53 57 56 57 54
71 53 57 57 54 56
71 53 58 53 57 56
71 53 58 54 57 55
71 53 58 55 56 55
71 53 58 55 57 54
71 53 58 56 55 55
71 53 59 54 56 55
71 54 53 57 56 57
71 54 53 57 57 56
71 54 53 57 58 55
71 54 53 58 56 56
71 54 54 55 56 58
71 54 54 55 57 57
71 54 54 56 55 58
71 54 54 56 56 57
71 54 54 56 57 56
71 54 54 56 59 54
71 54 54 57 54 58
71 54 54 57 57 55
71 54 54 58 55 56
71 54 54 58 56 55
71 54 54 58 57 54
71 54 54 59 54 56
71 54 54 59 55 55
71 54 55 54 56 58
71 54 55 54 57 57
71 54 55 54 58 56
71 54 55 55 55 58
71 54 55 55 56 57
71 54 55 55 59 54
71 54 55 56 54 58
71 54 55 56 55 57
71 54 55 56 56 56
71 54 55 56 57 55
71 54 55 56 58 54
71 54 55 57 53 58
71 54 55 57 54 57
71 54 55 57 55 56
71 54 55 58 53 57
71 54 55 58 54 56
71 54 55 58 55 55
71 54 55 58 56 54
71 54 55 59 53 56
71 54 55 59 54 55
71 54 56 53 58 56
71 54 56 54 57 56
71 54 56 54 58 55
71 54 56 55 54 58
71 54 56 55 55 57
71 54 56 55 56 56
71 54 56 55 57 55
71 54 56 55 58 54
71 54 56 56 53 58
71 54 56 56 54 57
71 54 56 56 56 55
71 54 56 56 58 53
71 54 56 57 54 56
71 54 56 57 56 54
71 54 56 58 54 55
71 54 56 58 55 54
71 54 57 53 56 57
71 54 57 53 57 56
71 54 57 53 58 55
71 54 57 54 55 57
71 54 57 54 56 56
71 54 57 54 57 55
71 54 57 54 58 54
71 54 57 55 54 57
71 54 57 55 55 56
71 54 57 55 56 55
71 54 57 55 57 54
71 54 57 56 55 55
71 54 57 56 56 54
71 54 57 56 57 53
71 54 57 57 53 56
71 54 57 57 54 55
71 54 57 57 55 54
71 54 58 53 56 56
71 54 58 53 57 55
71 54 58 54 55 56
71 54 58 54 56 55
71 54 58 55 54 56
71 54 58 55 55 55
71 54 59 54 55 55
71 54 59 54 56 54
71 55 52 57 57 56
71 55 52 57 58 55
71 55 53 55 56 58
71 55 53 55 58 56
71 55 53 56 56 57
71 55 53 56 57 56
71 55 53 56 58 55
71 55 53 56 59 54
71 55 53 57 56 56
71 55 53 57 58 54
71 55 53 58 55 56
71 55 53 58 56 55
71 55 53 58 57 54
71 55 54 54 55 59
71 55 54 54 56 58
71 55 54 54 57 57
71 55 54 55 54 59
71 55 54 55 55 58
71 55 54 55 57 56
71 55 54 55 58 55
71 55 54 55 59 54
71 55 54 56 54 58
71 55 54 56 56 56
71 55 54 56 57 55
71 55 54 56 58 54
71 55 54 57 54 57
71 55 54 57 55 56
71 55 54 57 56 55
71 55 54 57 57 54
71 55 54 57 58 53
71 55 54 58 53 57
71 55 54 58 56 54
71 55 54 58 57 53
71 55 55 53 58 56
71 55 55 54 55 58
71 55 55 54 56 57
71 55 55 54 57 56
71 55 55 54 58 55
71 55 55 55 56 56
71 55 55 55 58 54
71 55 55 56 53 58
71 55 55 56 54 57
71 55 55 56 55 56
71 55 55 56 56 55
71 55 55 56 57 54
71 55 55 56 58 53
71 55 55 57 54 56
71 55 55 57 56 54
71 55 55 58 52 57
71 55 55 58 53 56
71 55 55 58 54 55
71 55 55 58 55 54
71 55 55 58 56 53
71 55 56 53 55 58
71 55 56 53 56 57
71 55 56 53 57 56
71 55 56 53 58 55
71 55 56 54 55 57
71 55 56 54 57 55
71 55 56 54 58 54
71 55 56 55 55 56
71 55 56 55 56 55
71 55 56 56 53 57
71 55 56 56 54 56
71 55 56 56 55 55
71 55 56 56 56 54
71 55 56 57 53 56
71 55 56 57 54 55
71 55 56 57 55 54
71 55 56 57 56 53
71 55 56 58 52 56
71 55 56 58 54 54
71 55 57 54 54 57
71 55 57 54 56 55
71 55 57 55 54 56
71 55 57 55 56 54
71 55 57 56 54 55
71 55 57 57 54 54
71 55 58 53 55 56
71 55 58 53 56 55
71 55 58 54 54 56
71 55 58 54 55 55
71 55 58 54 56 54
71 55 58 55 54 55
71 55 58 55 56 53
71 55 58 56 53 55
71 55 58 56 54 54
71 55 59 54 55 54
71 56 52 56 56 57
71 56 52 56 58 55
71 56 53 54 56 58
71 56 53 54 57 57
71 56 53 55 55 58
71 56 53 55 57 56
71 56 53 56 54 58
71 56 53 56 56 56
71 56 53 56 57 55
71 56 53 57 54 57
71 56 53 57 56 55
71 56 53 57 58 53
71 56 53 58 56 54
71 56 54 53 55 59
71 56 54 53 57 57
71 56 54 54 54 59
71 56 54 54 55 58
71 56 54 54 56 57
71 56 54 54 58 55
71 56 54 55 54 58
71 56 54 55 55 57
71 56 54 55 57 55
71 56 54 55 58 54
71 56 54 56 53 58
71 56 54 56 55 56
71 56 54 56 56 55
71 56 54 56 57 54
71 56 54 56 58 53
71 56 54 57 53 57
71 56 54 57 54 56
71 56 54 57 56 54
71 56 54 57 57 53
71 56 54 58 55 54
71 56 54 58 56 53
71 56 55 52 56 58
71 56 55 53 55 58
71 56 55 53 56 57
71 56 55 54 55 57
71 56 55 54 56 56
71 56 55 54 57 55
71 56 55 54 58 54
71 56 55 55 53 58
71 56 55 55 54 57
71 56 55 55 55 56
71 56 55 55 56 55
71 56 55 55 58 53
71 56 55 56 53 57
71 56 55 56 54 56
71 56 55 56 55 55
71 56 55 57 52 57
71 56 55 57 53 56
71 56 55 57 54 55
71 56 55 57 55 54
71 56 55 57 56 53
71 56 55 58 53 55
71 56 55 58 55 53
71 56 56 53 55 57
71 56 56 53 56 56
71 56 56 53 57 55
71 56 56 54 54 57
71 56 56 54 55 56
71 56 56 54 56 55
71 56 56 54 57 54
71 56 56 55 54 56
71 56 56 55 55 55
71 56 56 55 56 54
71 56 56 55 57 53
71 56 56 56 53 56
71 56 56 56 55 54
71 56 56 56 56 53
71 56 56 56 57 52
71 56 56 57 53 55
71 56 57 52 56 56
71 56 57 53 55 56
71 56 57 54 54 56
71 56 57 54 57 53
71 56 57 55 53 56
71 56 57 55 54 55
71 56 57 55 55 54
71 56 57 55 56 53
71 56 57 56 53 55
71 56 57 56 54 54
71 56 57 56 55 53
71 56 58 53 56 54
71 56 58 54 54 55
71 56 58 54 55 54
71 56 58 54 56 53
71 56 58 55 53 55
71 56 58 55 54 54
71 56 58 55 55 53
71 56 58 56 53 54
71 56 58 56 54 53
71 57 53 53 56 58
71 57 53 54 55 58
71 57 53 54 56 57
71 57 53 55 56 56
71 57 53 56 55 56
71 57 53 56 57 54
71 57 54 53 55 58
71 57 54 54 55 57
71 57 54 54 56 56
71 57 54 54 57 55
71 57 54 55 55 56
71 57 54 55 56 55
71 57 54 55 57 54
71 57 54 56 53 57
71 57 54 56 54 56
71 57 54 56 55 55
71 57 54 56 57 53
71 57 54 57 54 55
71 57 54 57 55 54
71 57 55 52 55 58
71 57 55 53 54 58
71 57 55 53 56 56
71 57 55 54 54 57
71 57 55 54 55 56
71 57 55 54 57 54
71 57 55 55 56 54
71 57 55 56 53 56
71 57 55 56 55 54
71 57 55 56 56 53
71 57 55 57 54 54
71 57 56 52 55 57
71 57 56 53 54 57
71 57 56 53 55 56
71 57 56 54 53 57
71 57 56 54 55 55
71 57 56 54 56 54
71 57 56 55 54 55
71 57 56 55 55 54
71 57 56 55 56 53
71 57 56 56 52 56
71 57 56 56 54 54
71 57 56 56 55 53
71 57 56 57 53 54
71 57 56 57 54 53
71 57 57 53 54 56
71 57 57 53 56 54
71 57 57 54 55 54
71 57 57 54 56 53
71 57 57 55 54 54
71 57 57 55 56 52
71 57 57 56 53 54
71 57 58 54 54 54
71 57 58 55 53 54
71 57 58 55 54 53
71 58 53 54 55 57
71 58 53 54 56 56
71 58 53 55 55 56
71 58 53 55 56 55
71 58 54 53 55 57
71 58 54 53 56 56
71 58 54 54 54 57
71 58 54 54 55 56
71 58 54 54 56 55
71 58 54 55 54 56
71 58 54 55 55 55
71 58 54 56 54 55
71 58 54 56 55 54
71 58 55 53 55 56
71 58 55 54 54 56
71 58 55 55 54 55
71 58 55 55 55 54
71 58 55 55 56 53
71 58 55 56 53 55
71 58 55 56 54 54
71 58 56 53 54 56
71 58 56 53 55 55
71 58 56 54 53 56
71 58 56 54 54 55
71 58 56 55 53 55
71 58 56 55 54 54
71 58 56 55 55 53
71 58 56 56 53 54
71 58 56 56 55 52
71 58 57 54 55 53
71 58 57 55 53 54
71 58 57 55 54 53
71 58 57 55 55 52
71 58 57 56 53 53
71 59 55 54 54 55
71 59 55 55 54 54
71 59 56 54 54 54
71 59 56 55 54 53
73 52 56 56 56 56
73 52 57 55 56 56
73 53 54 57 56 56
73 53 55 55 56 57
73 53 55 55 57 56
73 53 55 55 58 55
73 53 55 56 56 56
73 53 55 57 55 56
73 53 55 58 54 56
73 53 55 58 55 55
73 53 56 54 58 55
73 53 56 55 55 57
73 53 56 55 56 56
73 53 56 55 57 55
73 53 56 55 58 54
73 53 56 56 54 57
73 53 56 56 55 56
73 53 56 56 56 55
73 53 56 56 57 54
73 53 56 57 55 55
73 53 56 57 56 54
73 53 57 54 55 57
73 53 57 55 55 56
73 53 57 55 57 54
73 53 57 56 54 56
73 53 57 56 56 54
73 53 58 54 56 55
73 53 58 55 55 55
73 54 53 56 56 57
73 54 53 56 57 56
73 54 53 57 56 56
73 54 53 57 57 55
73 54 53 58 56 55
73 54 54 54 57 57
73 54 54 55 55 58
73 54 54 55 56 57
73 54 54 55 57 56
73 54 54 55 58 55
73 54 54 56 54 58
73 54 54 56 55 57
73 54 54 56 57 55
73 54 54 56 58 54
73 54 54 57 54 57
73 54 54 57 56 55
73 54 54 57 57 54
73 54 54 58 54 56
73 54 54 58 55 55
73 54 54 58 56 54
73 54 55 54 55 58
73 54 55 54 57 56
73 54 55 54 58 55
73 54 55 55 54 58
73 54 55 55 56 56
73 54 55 55 57 55
73 54 55 55 58 54
73 54 55 56 53 58
73 54 55 56 54 57
73 54 55 56 56 55
73 54 55 57 54 56
73 54 55 57 55 55
73 54 55 57 56 54
73 54 55 58 53 56
73 54 55 58 54 55
73 54 55 58 55 54
73 54 56 53 56 57
73 54 56 53 57 56
73 54 56 54 55 57
73 54 56 54 57 55
73 54 56 54 58 54
73 54 56 55 54 57
73 54 56 55 57 54
73 54 56 56 55 55
73 54 56 56 57 53
73 54 56 57 54 55
73 54 56 57 55 54
73 54 57 54 54 57
73 54 57 54 55 56
73 54 57 54 56 55
73 54 57 54 57 54
73 54 57 55 56 54
73 54 57 56 54 55
73 54 57 56 55 54
73 54 57 57 53 55
73 54 57 57 54 54
73 54 58 53 56 55
73 54 58 54 55 55
73 54 58 54 56 54
73 54 58 55 54 55
73 54 58 55 55 54
73 55 53 55 55 58
73 55 53 55 56 57
73 55 53 55 58 55
73 55 53 56 56 56
73 55 53 56 58 54
73 55 53 57 56 55
73 55 53 58 55 55
73 55 53 58 56 54
73 55 54 53 57 57
73 55 54 54 55 58
73 55 54 54 56 57
73 55 54 54 57 56
73 55 54 54 58 55
73 55 54 55 54 58
73 55 54 55 55 57
73 55 54 55 56 56
73 55 54 55 58 54
73 55 54 56 53 58
73 55 54 56 54 57
73 55 54 56 55 56
73 55 54 56 57 54
73 55 54 56 58 53
73 55 54 57 53 57
73 55 54 57 54 56
73 55 54 57 55 55
73 55 54 57 56 54
73 55 54 58 54 55
73 55 54 58 55 54
73 55 55 53 55 58
73 55 55 53 56 57
73 55 55 53 57 56
73 55 55 54 54 58
73 55 55 54 58 54
73 55 55 55 53 58
73 55 55 55 54 57
73 55 55 55 55 56
73 55 55 55 56 55
73 55 55 55 57 54
73 55 55 55 58 53
73 55 55 56 53 57
73 55 55 56 55 55
73 55 55 56 57 53
73 55 55 58 53 55
73 55 55 58 54 54
73 55 56 53 56 56
73 55 56 54 54 57
73 55 56 54 55 56
73 55 56 54 57 54
73 55 56 55 53 57
73 55 56 55 54 56
73 55 56 55 55 55
73 55 56 55 56 54
73 55 56 56 53 56
73 55 56 56 55 54
73 55 56 56 56 53
73 55 56 57 52 56
73 55 56 57 53 55
73 55 56 57 55 53
73 55 57 53 55 56
73 55 57 53 56 55
73 55 57 54 54 56
73 55 57 54 55 55
73 55 57 55 53 56
73 55 57 55 55 54
73 55 57 56 53 55
73 55 57 56 54 54
73 55 57 56 55 53
73 55 58 53 55 55
73 55 58 54 54 55
73 55 58 54 55 54
73 55 58 55 54 54
73 55 58 55 55 53
73 56 52 56 56 56
73 56 52 56 57 55
73 56 53 54 55 58
73 56 53 54 57 56
73 56 53 55 55 57
73 56 53 55 56 56
73 56 53 55 57 55
73 56 53 56 54 57
73 56 53 56 55 56
73 56 53 56 56 55
73 56 53 57 55 55
73 56 54 53 55 58
73 56 54 54 54 58
73 56 54 54 55 57
73 56 54 55 57 54
73 56 54 56 53 57
73 56 54 56 55 55
73 56 54 57 53 56
73 56 54 57 54 55
73 56 54 57 55 54
73 56 54 57 56 53
73 56 55 52 56 57
73 56 55 53 56 56
73 56 55 53 57 55
73 56 55 54 54 57
73 56 55 54 56 55
73 56 55 54 57 54
73 56 55 55 54 56
73 56 55 55 55 55
73 56 55 55 56 54
73 56 55 55 57 53
73 56 55 56 53 56
73 56 55 56 54 55
73 56 55 56 56 53
73 56 55 57 54 54
73 56 55 57 55 53
73 56 56 52 56 56
73 56 56 53 54 57
73 56 56 53 55 56
73 56 56 53 56 55
73 56 56 54 55 55
73 56 56 54 57 53
73 56 56 55 53 56
73 56 56 55 56 53
73 56 56 56 52 56
73 56 56 56 53 55
73 56 56 56 55 53
73 56 56 56 56 52
73 56 56 57 53 54
73 56 57 53 54 56
73 56 57 53 56 54
73 56 57 54 54 55
73 56 57 54 55 54
73 56 57 54 56 53
73 56 57 55 54 54
73 56 57 55 55 53
73 56 57 56 53 54
73 56 58 54 54 54
73 56 58 54 55 53
73 56 58 55 54 53
73 57 53 54 56 56
73 57 53 55 56 55
73 57 53 55 57 54
73 57 53 56 55 55
73 57 54 54 54 57
73 57 54 54 55 56
73 57 54 54 56 55
73 57 54 54 57 54
73 57 54 55 54 56
73 57 54 55 56 54
73 57 54 56 53 56
73 57 54 56 54 55
73 57 54 56 56 53
73 57 54 57 54 54
73 57 55 53 54 57
73 57 55 53 55 56
73 57 55 53 56 55
73 57 55 54 54 56
73 57 55 54 55 55
73 57 55 54 56 54
73 57 55 55 54 55
73 57 55 56 53 55
73 57 55 56 54 54
73 57 55 56 55 53
73 57 55 57 54 53
73 57 56 53 54 56
73 57 56 54 53 56
73 57 56 54 55 54
73 57 56 54 56 53
73 57 56 55 53 55
73 57 56 55 54 54
73 57 56 56 55 52
73 57 57 54 54 54
73 57 57 54 55 53
73 58 54 53 55 56
73 58 54 54 54 56
73 58 54 54 55 55
73 58 54 55 54 55
73 58 54 55 55 54
73 58 55 53 54 56
73 58 55 53 55 55
73 58 55 54 54 55
73 58 55 54 55 54
73 58 55 55 53 55
73 58 55 55 54 54
73 58 55 55 55 53
73 58 56 54 54 54
73 58 56 55 53 54
73 58 56 55 54 53
