151 144 145
151 145 144
153 142 146
153 144 144
153 146 142
155 141 146
155 142 145
155 143 144
155 144 143
155 145 142
155 146 141
157 140 146
157 141 145
157 142 144
157 144 142
157 145 141
157 146 140
159 139 146
159 140 145
159 142 143
159 143 142
159 145 140
159 146 139
161 138 146
161 140 144
161 144 140
161 146 138
163 137 146
163 138 145
163 139 144
163 140 143
163 141 142
163 142 141
163 143 140
163 144 139
163 145 138
163 146 137
165 137 145
165 140 142
165 142 140
165 145 137
167 139 142
167 140 141
167 141 140
167 142 139
