75 64 66 65 66 66
75 64 66 66 65 66
75 64 66 66 66 65
75 65 64 66 66 66
75 65 65 65 66 66
75 65 65 66 65 66
75 65 65 66 66 65
75 65 66 64 66 66
75 65 66 65 65 66
75 65 66 65 66 65
75 65 66 66 64 66
75 65 66 66 65 65
75 66 64 65 66 66
75 66 64 66 66 65
75 66 65 64 66 66
75 66 65 65 65 66
75 66 65 65 66 65
75 66 65 66 64 66
75 66 65 66 65 65
75 66 65 66 66 64
75 66 66 64 65 66
75 66 66 65 65 65
75 66 66 65 66 64
75 66 66 66 64 65
75 66 66 66 65 64
77 63 65 65 67 66
77 63 65 66 67 65
77 63 65 67 64 67
77 63 65 67 66 65
77 63 65 68 64 66
77 63 66 64 66 67
77 63 66 64 67 66
77 63 66 65 65 67
77 63 66 65 66 66
77 63 66 65 67 65
77 63 66 66 64 67
77 63 66 66 65 66
77 63 66 66 67 64
77 63 66 67 64 66
77 63 66 67 65 65
77 63 67 64 66 66
77 63 67 64 67 65
77 63 67 65 66 65
77 63 67 65 67 64
77 63 67 66 64 66
77 63 67 66 65 65
77 63 68 64 66 65
77 63 68 65 65 65
77 64 63 67 66 66
77 64 63 67 67 65
77 64 64 65 66 67
77 64 64 65 67 66
77 64 64 65 68 65
77 64 64 66 65 67
77 64 64 66 66 66
77 64 64 66 67 65
77 64 64 66 68 64
77 64 64 67 64 67
77 64 64 67 65 66
77 64 64 67 67 64
77 64 64 68 64 66
77 64 64 68 65 65
77 64 65 64 66 67
77 64 65 64 67 66
77 64 65 64 68 65
77 64 65 65 64 68
77 64 65 65 65 67
77 64 65 65 66 66
77 64 65 65 67 65
77 64 65 65 68 64
77 64 65 66 64 67
77 64 65 66 65 66
77 64 65 66 67 64
77 64 65 67 63 67
77 64 65 67 64 66
77 64 65 67 65 65
77 64 65 67 66 64
77 64 65 68 63 66
77 64 65 68 64 65
77 64 66 63 66 67
77 64 66 63 67 66
77 64 66 64 65 67
77 64 66 64 67 65
77 64 66 65 64 67
77 64 66 65 65 66
77 64 66 66 63 67
77 64 66 66 65 65
77 64 66 66 66 64
77 64 66 67 63 66
77 64 66 67 65 64
77 64 67 63 66 66
77 64 67 63 67 65
77 64 67 64 66 65
77 64 67 64 67 64
77 64 67 65 64 66
77 64 67 65 66 64
77 64 67 66 63 66
77 64 67 66 64 65
77 64 67 66 65 64
77 64 68 63 66 65
77 64 68 64 65 65
77 64 68 64 66 64
77 64 68 65 65 64
77 65 63 65 66 67
77 65 63 65 67 66
77 65 63 65 68 65
77 65 63 66 65 67
77 65 63 66 67 65
77 65 63 66 68 64
77 65 63 67 65 66
77 65 63 67 66 65
77 65 63 67 67 64
77 65 64 64 65 68
77 65 64 64 67 66
77 65 64 65 64 68
77 65 64 65 65 67
77 65 64 65 66 66
77 65 64 65 68 64
77 65 64 66 67 64
77 65 64 66 68 63
77 65 64 67 63 67
77 65 64 67 64 66
77 65 64 67 65 65
77 65 64 67 66 64
77 65 64 67 67 63
77 65 64 68 64 65
77 65 64 68 65 64
77 65 65 63 65 68
77 65 65 63 67 66
77 65 65 64 64 68
77 65 65 64 66 66
77 65 65 64 67 65
77 65 65 65 64 67
77 65 65 65 65 66
77 65 65 65 66 65
77 65 65 65 67 64
77 65 65 66 63 67
77 65 65 66 65 65
77 65 65 66 66 64
77 65 65 67 63 66
77 65 65 67 65 64
77 65 65 68 63 65
77 65 66 63 65 67
77 65 66 63 66 66
77 65 66 64 64 67
77 65 66 64 65 66
77 65 66 64 66 65
77 65 66 64 67 64
77 65 66 65 63 67
77 65 66 65 64 66
77 65 66 65 65 65
77 65 66 65 67 63
77 65 66 66 63 66
77 65 66 66 64 65
77 65 66 66 65 64
77 65 66 67 64 64
77 65 67 63 65 66
77 65 67 64 64 66
77 65 67 64 65 65
77 65 67 64 66 64
77 65 67 65 64 65
77 65 67 65 65 64
77 65 67 65 66 63
77 65 67 66 63 65
77 65 67 66 64 64
77 65 67 66 65 63
77 65 68 64 65 64
77 65 68 65 64 64
77 66 63 64 65 68
77 66 63 64 66 67
77 66 63 64 67 66
77 66 63 65 66 66
77 66 63 66 66 65
77 66 63 66 67 64
77 66 63 67 65 65
77 66 63 67 66 64
77 66 64 63 65 68
77 66 64 63 66 67
77 66 64 63 67 66
77 66 64 64 64 68
77 66 64 64 65 67
77 66 64 64 67 65
77 66 64 65 64 67
77 66 64 65 65 66
77 66 64 65 66 65
77 66 64 66 63 67
77 66 64 66 64 66
77 66 64 66 65 65
77 66 64 66 67 63
77 66 64 67 64 65
77 66 64 67 65 64
77 66 64 67 66 63
77 66 65 63 65 67
77 66 65 63 66 66
77 66 65 64 64 67
77 66 65 64 66 65
77 66 65 64 67 64
77 66 65 65 63 67
77 66 65 65 65 65
77 66 65 65 66 64
77 66 65 65 67 63
77 66 65 66 64 65
77 66 65 66 65 64
77 66 65 66 66 63
77 66 65 67 63 65
77 66 65 67 64 64
77 66 65 67 65 63
77 66 66 64 64 66
77 66 66 64 66 64
77 66 66 65 64 65
77 66 66 66 63 65
77 66 66 66 65 63
77 66 66 67 63 64
77 66 66 67 64 63
77 66 67 63 65 65
77 66 67 64 64 65
77 66 67 64 66 63
77 66 67 65 64 64
77 66 67 65 65 63
77 66 67 66 63 64
77 66 67 66 64 63
77 67 63 64 65 67
77 67 63 64 66 66
77 67 63 65 66 65
77 67 63 66 66 64
77 67 64 63 65 67
77 67 64 63 66 66
77 67 64 64 64 67
77 67 64 64 65 66
77 67 64 64 66 65
77 67 64 65 64 66
77 67 64 65 65 65
77 67 64 65 66 64
77 67 64 66 64 65
77 67 64 66 65 64
77 67 64 66 66 63
77 67 65 63 64 67
77 67 65 63 65 66
77 67 65 63 66 65
77 67 65 64 65 65
77 67 65 64 66 64
77 67 65 65 63 66
77 67 65 65 64 65
77 67 65 65 66 63
77 67 65 66 63 65
77 67 66 63 64 66
77 67 66 63 65 65
77 67 66 64 64 65
77 67 66 64 65 64
77 67 66 65 64 64
77 67 66 65 65 63
77 67 66 66 63 64
77 67 66 66 64 63
77 67 67 64 64 64
77 67 67 64 65 63
77 67 67 65 63 64
77 67 67 65 64 63
77 68 64 64 65 65
77 68 65 64 64 65
77 68 65 64 65 64
77 68 65 65 64 64
77 68 65 65 65 63
77 68 66 64 64 64
77 68 66 65 63 64
77 68 66 65 64 63
79 62 65 65 67 66
79 62 65 66 65 67
79 62 65 66 67 65
79 62 65 67 65 66
79 62 65 67 66 65
79 62 65 68 65 65
79 62 66 64 66 67
79 62 66 64 68 65
79 62 66 65 65 67
79 62 66 65 66 66
79 62 66 65 67 65
79 62 66 65 68 64
79 62 66 66 64 67
79 62 66 66 66 65
79 62 66 67 63 67
79 62 66 67 64 66
79 62 66 67 65 65
79 62 67 63 67 66
79 62 67 64 65 67
79 62 67 64 66 66
79 62 67 64 67 65
79 62 67 64 68 64
79 62 67 65 64 67
79 62 67 65 65 66
79 62 67 65 66 65
79 62 67 66 65 65
79 62 67 66 66 64
79 62 67 67 63 66
79 62 68 63 66 66
79 62 68 63 67 65
79 62 68 64 65 66
79 62 68 64 66 65
79 62 68 65 64 66
79 63 63 67 66 66
79 63 63 67 68 64
79 63 63 68 65 66
79 63 64 65 67 66
79 63 64 65 68 65
79 63 64 66 64 68
79 63 64 66 67 65
79 63 64 66 68 64
79 63 64 67 63 68
79 63 64 67 64 67
79 63 64 67 65 66
79 63 64 67 66 65
79 63 64 67 67 64
79 63 64 68 64 66
79 63 64 68 65 65
79 63 64 68 66 64
79 63 64 69 63 66
79 63 65 64 65 68
79 63 65 64 66 67
79 63 65 64 68 65
79 63 65 65 64 68
79 63 65 65 66 66
79 63 65 65 68 64
79 63 65 66 64 67
79 63 65 66 65 66
79 63 65 66 67 64
79 63 65 66 68 63
79 63 65 67 64 66
79 63 65 68 62 67
79 63 65 68 63 66
79 63 65 68 64 65
79 63 65 68 65 64
79 63 66 63 66 67
79 63 66 63 67 66
79 63 66 64 65 67
79 63 66 64 67 65
79 63 66 65 64 67
79 63 66 65 65 66
79 63 66 65 66 65
79 63 66 66 63 67
79 63 66 66 66 64
79 63 66 66 67 63
79 63 66 67 62 67
79 63 66 67 63 66
79 63 66 67 65 64
79 63 66 68 62 66
79 63 67 62 66 67
79 63 67 62 67 66
79 63 67 63 66 66
79 63 67 63 68 64
79 63 67 64 65 66
79 63 67 64 66 65
79 63 67 64 67 64
79 63 67 66 63 66
79 63 67 66 64 65
79 63 67 66 65 64
79 63 67 67 64 64
79 63 68 63 66 65
79 63 68 64 64 66
79 63 68 64 65 65
79 63 68 64 66 64
79 63 68 64 67 63
79 63 68 66 64 64
79 63 69 63 66 64
79 63 69 64 65 64
79 64 62 66 67 66
79 64 62 68 66 65
79 64 62 68 67 64
79 64 63 64 67 67
79 64 63 64 68 66
79 64 63 65 65 68
79 64 63 65 66 67
79 64 63 65 67 66
79 64 63 65 69 64
79 64 63 66 64 68
79 64 63 66 66 66
79 64 63 66 68 64
79 64 63 66 69 63
79 64 63 67 64 67
79 64 63 67 65 66
79 64 63 67 67 64
79 64 63 68 63 67
79 64 63 68 64 66
79 64 63 68 65 65
79 64 63 68 67 63
79 64 64 63 66 68
79 64 64 64 65 68
79 64 64 64 67 66
79 64 64 64 68 65
79 64 64 65 64 68
79 64 64 65 65 67
79 64 64 65 66 66
79 64 64 65 67 65
79 64 64 65 68 64
79 64 64 66 65 66
79 64 64 66 66 65
79 64 64 66 67 64
79 64 64 66 68 63
79 64 64 67 62 68
79 64 64 67 63 67
79 64 64 67 64 66
79 64 64 67 65 65
79 64 64 67 67 63
79 64 64 68 63 66
79 64 64 68 64 65
79 64 64 68 65 64
79 64 64 68 66 63
79 64 64 69 63 65
79 64 65 62 66 68
79 64 65 62 67 67
79 64 65 63 67 66
79 64 65 63 68 65
79 64 65 64 64 68
79 64 65 64 65 67
79 64 65 64 67 65
79 64 65 64 68 64
79 64 65 65 63 68
79 64 65 65 64 67
79 64 65 65 65 66
79 64 65 65 66 65
79 64 65 65 67 64
79 64 65 65 68 63
79 64 65 66 62 68
79 64 65 66 63 67
79 64 65 66 64 66
79 64 65 66 66 64
79 64 65 66 67 63
79 64 65 67 62 67
79 64 65 67 63 66
79 64 65 67 64 65
79 64 65 67 65 64
79 64 65 68 62 66
79 64 65 68 63 65
79 64 65 68 64 64
79 64 66 62 67 66
79 64 66 63 64 68
79 64 66 63 65 67
79 64 66 63 67 65
79 64 66 63 68 64
79 64 66 64 64 67
79 64 66 64 65 66
79 64 66 64 66 65
79 64 66 64 68 63
79 64 66 65 65 65
79 64 66 65 66 64
79 64 66 65 67 63
79 64 66 66 64 65
79 64 66 66 65 64
79 64 66 67 62 66
79 64 66 67 63 65
79 64 66 68 62 65
79 64 66 68 63 64
79 64 67 62 66 66
79 64 67 63 64 67
79 64 67 63 66 65
79 64 67 63 67 64
79 64 67 64 65 65
79 64 67 64 66 64
79 64 67 64 67 63
79 64 67 65 63 66
79 64 67 65 64 65
79 64 67 65 65 64
79 64 67 65 66 63
79 64 67 66 62 66
79 64 67 66 63 65
79 64 67 66 64 64
79 64 67 66 65 63
79 64 67 67 62 65
79 64 68 63 65 65
79 64 68 63 66 64
79 64 68 64 64 65
79 64 68 64 65 64
79 64 68 64 66 63
79 64 68 65 63 65
79 64 68 65 64 64
79 64 68 65 65 63
79 65 62 65 65 68
79 65 62 65 66 67
79 65 62 65 67 66
79 65 62 66 65 67
79 65 62 66 66 66
79 65 62 66 67 65
79 65 62 66 68 64
79 65 62 67 65 66
79 65 62 67 66 65
79 65 62 67 67 64
79 65 62 67 68 63
79 65 62 68 66 64
79 65 63 64 65 68
79 65 63 64 67 66
79 65 63 65 64 68
79 65 63 65 68 64
79 65 63 66 64 67
79 65 63 66 66 65
79 65 63 66 67 64
79 65 63 66 68 63
79 65 63 67 64 66
79 65 63 67 66 64
79 65 63 68 64 65
79 65 63 68 65 64
79 65 64 62 66 68
79 65 64 62 67 67
79 65 64 63 64 69
79 65 64 63 65 68
79 65 64 63 66 67
79 65 64 63 67 66
79 65 64 63 68 65
79 65 64 64 64 68
79 65 64 64 65 67
79 65 64 64 66 66
79 65 64 64 67 65
79 65 64 64 68 64
79 65 64 65 63 68
79 65 64 65 64 67
79 65 64 65 66 65
79 65 64 65 67 64
79 65 64 65 68 63
79 65 64 66 62 68
79 65 64 66 64 66
79 65 64 66 65 65
79 65 64 66 66 64
79 65 64 66 67 63
79 65 64 67 64 65
79 65 64 67 65 64
79 65 64 67 66 63
79 65 64 68 64 64
79 65 64 68 65 63
79 65 65 62 66 67
79 65 65 62 67 66
79 65 65 63 66 66
79 65 65 64 63 68
79 65 65 64 64 67
79 65 65 64 65 66
79 65 65 64 66 65
79 65 65 64 67 64
79 65 65 64 68 63
79 65 65 65 64 66
79 65 65 65 68 62
79 65 65 66 62 67
79 65 65 66 63 66
79 65 65 66 64 65
79 65 65 66 65 64
79 65 65 66 66 63
79 65 65 66 67 62
79 65 65 67 62 66
79 65 65 67 64 64
79 65 65 67 66 62
79 65 65 68 64 63
79 65 66 62 65 67
79 65 66 62 67 65
79 65 66 63 64 67
79 65 66 63 66 65
79 65 66 64 63 67
79 65 66 64 64 66
79 65 66 64 66 64
79 65 66 65 62 67
79 65 66 65 63 66
79 65 66 65 64 65
79 65 66 65 65 64
79 65 66 65 67 62
79 65 66 66 62 66
79 65 66 66 63 65
79 65 66 66 65 63
79 65 66 67 62 65
79 65 66 67 64 63
79 65 66 68 62 64
79 65 67 62 65 66
79 65 67 62 66 65
79 65 67 63 64 66
79 65 67 63 66 64
79 65 67 64 64 65
79 65 67 64 65 64
79 65 67 64 66 63
79 65 67 65 64 64
79 65 67 65 66 62
79 65 67 66 62 65
79 65 67 66 63 64
79 65 67 66 65 62
79 65 67 67 62 64
79 65 68 62 65 65
79 65 68 63 64 65
79 65 68 63 65 64
79 65 68 63 66 63
79 65 68 64 64 64
79 65 68 64 65 63
79 65 68 65 63 64
79 65 68 65 64 63
79 66 62 63 67 67
79 66 62 64 66 67
79 66 62 64 68 65
79 66 62 65 65 67
79 66 62 65 67 65
79 66 62 65 68 64
79 66 62 66 66 65
79 66 62 66 67 64
79 66 62 66 68 63
79 66 62 67 65 65
79 66 62 67 67 63
79 66 63 62 66 68
79 66 63 63 64 69
79 66 63 63 65 68
79 66 63 63 66 67
79 66 63 63 67 66
79 66 63 64 64 68
79 66 63 64 65 67
79 66 63 64 68 64
79 66 63 65 63 68
79 66 63 65 64 67
79 66 63 65 65 66
79 66 63 65 66 65
79 66 63 65 67 64
79 66 63 66 63 67
79 66 63 66 65 65
79 66 63 66 67 63
79 66 63 67 64 65
79 66 63 67 66 63
79 66 63 67 67 62
79 66 64 62 65 68
79 66 64 62 66 67
79 66 64 62 67 66
79 66 64 63 64 68
79 66 64 63 65 67
79 66 64 63 67 65
79 66 64 64 63 68
79 66 64 64 64 67
79 66 64 64 65 66
79 66 64 65 63 67
79 66 64 65 64 66
79 66 64 65 65 65
79 66 64 65 66 64
79 66 64 66 63 66
79 66 64 66 64 65
79 66 64 66 67 62
79 66 64 67 62 66
79 66 64 67 63 65
79 66 64 67 64 64
79 66 64 67 65 63
79 66 64 67 66 62
79 66 64 68 63 64
79 66 65 62 65 67
79 66 65 62 66 66
79 66 65 63 65 66
79 66 65 63 66 65
79 66 65 64 63 67
79 66 65 64 64 66
79 66 65 64 65 65
79 66 65 64 66 64
79 66 65 64 67 63
79 66 65 65 62 67
79 66 65 65 65 64
79 66 65 65 67 62
79 66 65 66 62 66
79 66 65 66 64 64
79 66 65 66 65 63
79 66 65 67 62 65
79 66 65 67 63 64
79 66 65 67 64 63
79 66 65 67 65 62
79 66 66 62 64 67
79 66 66 62 65 66
79 66 66 63 64 66
79 66 66 64 64 65
79 66 66 64 65 64
79 66 66 64 66 63
79 66 66 65 63 65
79 66 66 65 64 64
79 66 66 65 65 63
79 66 66 65 66 62
79 66 66 66 65 62
79 66 66 67 63 63
79 66 66 67 64 62
79 66 67 62 65 65
79 66 67 63 65 64
79 66 67 63 66 63
79 66 67 65 62 65
79 66 67 65 63 64
79 66 67 65 64 63
79 66 67 65 65 62
79 66 67 66 62 64
79 66 67 66 63 63
79 66 68 63 64 64
79 66 68 64 63 64
79 66 68 64 65 62
79 66 68 65 64 62
79 67 62 63 66 67
79 67 62 64 66 66
79 67 62 64 67 65
79 67 62 65 65 66
79 67 62 65 66 65
79 67 62 65 67 64
79 67 62 66 66 64
79 67 63 62 65 68
79 67 63 62 66 67
79 67 63 63 66 66
79 67 63 64 64 67
79 67 63 64 65 66
79 67 63 64 66 65
79 67 63 65 66 64
79 67 63 66 65 64
79 67 63 66 66 63
79 67 63 66 67 62
79 67 64 62 65 67
79 67 64 63 63 68
79 67 64 63 64 67
79 67 64 63 65 66
79 67 64 64 63 67
79 67 64 64 65 65
79 67 64 64 66 64
79 67 64 64 67 63
79 67 64 65 64 65
79 67 64 65 65 64
79 67 64 65 66 63
79 67 64 66 63 65
79 67 64 67 63 64
79 67 64 67 65 62
79 67 65 62 65 66
79 67 65 62 66 65
79 67 65 63 66 64
79 67 65 64 63 66
79 67 65 64 64 65
79 67 65 64 65 64
79 67 65 64 66 63
79 67 65 65 62 66
79 67 65 65 64 64
79 67 65 65 66 62
79 67 65 66 62 65
79 67 65 66 64 63
79 67 65 66 65 62
79 67 65 67 64 62
79 67 66 62 65 65
79 67 66 63 63 66
79 67 66 63 64 65
79 67 66 63 65 64
79 67 66 64 63 65
79 67 66 64 64 64
79 67 66 64 66 62
79 67 66 65 62 65
79 67 66 65 63 64
79 67 66 65 64 63
79 67 66 65 65 62
79 67 66 66 62 64
79 67 66 66 63 63
79 67 66 66 64 62
79 67 66 67 62 63
79 67 67 63 64 64
79 67 67 64 63 64
79 67 67 64 64 63
79 67 67 65 64 62
79 67 67 66 62 63
79 67 67 66 63 62
79 67 68 64 63 63
79 67 68 64 64 62
79 68 63 63 64 67
79 68 63 64 64 66
79 68 63 64 65 65
79 68 63 65 65 64
79 68 64 62 64 67
79 68 64 62 65 66
79 68 64 63 65 65
79 68 64 64 63 66
79 68 64 64 64 65
79 68 64 64 65 64
79 68 64 64 66 63
79 68 64 65 63 65
79 68 64 65 64 64
79 68 64 66 64 63
79 68 64 66 65 62
79 68 65 62 64 66
79 68 65 63 64 65
79 68 65 63 65 64
79 68 65 64 63 65
79 68 65 64 64 64
79 68 65 65 62 65
79 68 65 65 63 64
79 68 65 65 64 63
79 68 65 66 64 62
79 68 66 63 63 65
79 68 66 63 64 64
79 68 66 64 63 64
79 68 66 64 64 63
79 68 66 65 63 63
79 68 66 65 64 62
79 68 66 66 63 62
79 68 67 63 64 63
79 68 67 65 63 62
79 69 65 64 64 63
79 69 66 64 63 63
81 61 66 66 64 67
81 61 66 66 65 66
81 61 66 66 66 65
81 61 66 67 64 66
81 61 66 67 65 65
81 61 67 64 66 66
81 61 67 64 67 65
81 61 67 65 65 66
81 61 67 65 66 65
81 61 67 65 67 64
81 61 67 66 64 66
81 61 67 66 65 65
81 61 68 63 67 65
81 61 68 64 66 65
81 61 68 65 65 65
81 62 64 65 67 66
81 62 64 65 68 65
81 62 64 66 65 67
81 62 64 66 66 66
81 62 64 67 64 67
81 62 64 67 65 66
81 62 64 67 67 64
81 62 64 68 63 67
81 62 64 68 64 66
81 62 64 68 65 65
81 62 64 68 66 64
81 62 65 64 66 67
81 62 65 64 68 65
81 62 65 65 64 68
81 62 65 65 65 67
81 62 65 65 67 65
81 62 65 65 68 64
81 62 65 66 63 68
81 62 65 66 65 66
81 62 65 66 66 65
81 62 65 66 67 64
81 62 65 67 64 66
81 62 65 68 62 67
81 62 65 68 64 65
81 62 66 63 66 67
81 62 66 63 67 66
81 62 66 64 67 65
81 62 66 64 68 64
81 62 66 65 64 67
81 62 66 65 66 65
81 62 66 65 67 64
81 62 66 65 68 63
81 62 66 66 63 67
81 62 66 66 64 66
81 62 66 66 65 65
81 62 66 66 66 64
81 62 66 66 67 63
81 62 66 67 62 67
81 62 66 67 64 65
81 62 66 68 62 66
81 62 67 62 67 66
81 62 67 63 66 66
81 62 67 63 67 65
81 62 67 63 68 64
81 62 67 64 64 67
81 62 67 64 65 66
81 62 67 64 67 64
81 62 67 64 68 63
81 62 67 65 63 67
81 62 67 65 64 66
81 62 67 65 65 65
81 62 67 65 67 63
81 62 67 66 64 65
81 62 67 66 65 64
81 62 67 67 63 65
81 62 68 62 66 66
81 62 68 62 67 65
81 62 68 63 65 66
81 62 68 63 66 65
81 62 68 63 67 64
81 62 68 64 64 66
81 62 68 64 66 64
81 62 68 64 67 63
81 62 68 65 64 65
81 62 68 65 65 64
81 63 62 67 66 66
81 63 62 67 67 65
81 63 62 67 68 64
81 63 62 68 66 65
81 63 62 68 67 64
81 63 63 65 66 67
81 63 63 65 67 66
81 63 63 65 68 65
81 63 63 65 69 64
81 63 63 66 64 68
81 63 63 66 65 67
81 63 63 66 66 66
81 63 63 66 67 65
81 63 63 66 69 63
81 63 63 67 64 67
81 63 63 67 65 66
81 63 63 67 66 65
81 63 63 67 67 64
81 63 63 67 68 63
81 63 63 68 63 67
81 63 63 68 64 66
81 63 63 68 65 65
81 63 63 68 66 64
81 63 63 69 63 66
81 63 64 63 67 67
81 63 64 63 68 66
81 63 64 64 65 68
81 63 64 64 66 67
81 63 64 64 67 66
81 63 64 64 69 64
81 63 64 65 67 65
81 63 64 65 68 64
81 63 64 66 63 68
81 63 64 66 64 67
81 63 64 66 65 66
81 63 64 66 66 65
81 63 64 66 68 63
81 63 64 67 62 68
81 63 64 67 64 66
81 63 64 67 67 63
81 63 64 68 62 67
81 63 64 68 63 66
81 63 64 68 65 64
81 63 64 68 66 63
81 63 65 62 67 67
81 63 65 63 65 68
81 63 65 63 66 67
81 63 65 63 68 65
81 63 65 64 65 67
81 63 65 64 66 66
81 63 65 65 63 68
81 63 65 65 64 67
81 63 65 65 65 66
81 63 65 65 66 65
81 63 65 65 68 63
81 63 65 66 63 67
81 63 65 66 65 65
81 63 65 66 66 64
81 63 65 66 67 63
81 63 65 67 62 67
81 63 65 67 63 66
81 63 65 67 65 64
81 63 65 67 66 63
81 63 65 68 61 67
81 63 65 68 62 66
81 63 65 68 63 65
81 63 65 68 64 64
81 63 66 62 67 66
81 63 66 62 68 65
81 63 66 63 65 67
81 63 66 63 66 66
81 63 66 63 67 65
81 63 66 63 68 64
81 63 66 64 63 68
81 63 66 64 65 66
81 63 66 64 66 65
81 63 66 64 67 64
81 63 66 64 68 63
81 63 66 65 64 66
81 63 66 65 65 65
81 63 66 65 66 64
81 63 66 65 67 63
81 63 66 66 62 67
81 63 66 66 63 66
81 63 66 66 64 65
81 63 66 66 66 63
81 63 66 67 62 66
81 63 66 67 64 64
81 63 66 67 65 63
81 63 66 68 62 65
81 63 67 62 65 67
81 63 67 63 66 65
81 63 67 64 63 67
81 63 67 64 65 65
81 63 67 64 66 64
81 63 67 64 67 63
81 63 67 65 63 66
81 63 67 65 64 65
81 63 67 65 66 63
81 63 67 66 62 66
81 63 67 66 63 65
81 63 67 66 64 64
81 63 67 66 65 63
81 63 68 62 67 64
81 63 68 63 65 65
81 63 68 63 66 64
81 63 68 63 67 63
81 63 68 64 64 65
81 63 68 64 65 64
81 63 68 65 63 65
81 63 68 65 65 63
81 63 69 63 66 63
81 63 69 64 64 64
81 63 69 64 65 63
81 64 61 67 67 65
81 64 62 65 67 66
81 64 62 65 68 65
81 64 62 66 64 68
81 64 62 66 66 66
81 64 62 66 68 64
81 64 62 67 64 67
81 64 62 67 65 66
81 64 62 67 66 65
81 64 62 67 67 64
81 64 62 67 68 63
81 64 62 68 65 65
81 64 62 68 66 64
81 64 62 68 67 63
81 64 63 64 65 68
81 64 63 64 66 67
81 64 63 64 67 66
81 64 63 64 69 64
81 64 63 65 64 68
81 64 63 65 65 67
81 64 63 65 68 64
81 64 63 66 63 68
81 64 63 66 65 66
81 64 63 66 66 65
81 64 63 66 67 64
81 64 63 66 68 63
81 64 63 67 62 68
81 64 63 67 63 67
81 64 63 67 66 64
81 64 63 67 68 62
81 64 63 68 62 67
81 64 63 68 64 65
81 64 63 68 66 63
81 64 63 69 63 65
81 64 63 69 64 64
81 64 64 62 66 68
81 64 64 62 67 67
81 64 64 63 64 69
81 64 64 63 65 68
81 64 64 64 63 69
81 64 64 64 64 68
81 64 64 64 68 64
81 64 64 65 64 67
81 64 64 65 66 65
81 64 64 66 62 68
81 64 64 66 63 67
81 64 64 66 64 66
81 64 64 66 66 64
81 64 64 66 67 63
81 64 64 66 68 62
81 64 64 67 62 67
81 64 64 67 63 66
81 64 64 67 65 64
81 64 64 67 66 63
81 64 64 67 67 62
81 64 64 68 62 66
81 64 64 68 63 65
81 64 64 68 64 64
81 64 64 69 63 64
81 64 65 62 65 68
81 64 65 62 66 67
81 64 65 62 67 66
81 64 65 62 68 65
81 64 65 63 65 67
81 64 65 63 66 66
81 64 65 63 67 65
81 64 65 64 65 66
81 64 65 64 66 65
81 64 65 64 67 64
81 64 65 64 68 63
81 64 65 65 62 68
81 64 65 65 64 66
81 64 65 65 65 65
81 64 65 65 68 62
81 64 65 66 62 67
81 64 65 66 63 66
81 64 65 66 64 65
81 64 65 66 66 63
81 64 65 66 67 62
81 64 65 67 61 67
81 64 65 67 63 65
81 64 65 67 66 62
81 64 65 68 61 66
81 64 65 68 63 64
81 64 65 68 64 63
81 64 66 61 66 67
81 64 66 61 67 66
81 64 66 62 65 67
81 64 66 62 66 66
81 64 66 63 64 67
81 64 66 63 65 66
81 64 66 63 67 64
81 64 66 63 68 63
81 64 66 64 63 67
81 64 66 64 65 65
81 64 66 64 66 64
81 64 66 64 68 62
81 64 66 65 63 66
81 64 66 65 64 65
81 64 66 65 65 64
81 64 66 65 66 63
81 64 66 66 63 65
81 64 66 66 66 62
81 64 66 67 61 66
81 64 66 67 62 65
81 64 66 67 64 63
81 64 66 68 62 64
81 64 67 61 66 66
81 64 67 62 65 66
81 64 67 62 66 65
81 64 67 62 67 64
81 64 67 63 64 66
81 64 67 63 66 64
81 64 67 63 67 63
81 64 67 64 63 66
81 64 67 64 67 62
81 64 67 65 62 66
81 64 67 65 63 65
81 64 67 65 65 63
81 64 67 66 64 63
81 64 67 66 65 62
81 64 67 67 62 64
81 64 67 67 63 63
81 64 68 62 65 65
81 64 68 62 66 64
81 64 68 63 64 65
81 64 68 63 66 63
81 64 68 64 63 65
81 64 68 64 64 64
81 64 68 64 65 63
81 64 68 65 65 62
81 64 68 66 63 63
81 64 69 64 64 63
81 65 61 65 66 67
81 65 61 65 67 66
81 65 61 65 68 65
81 65 61 66 66 66
81 65 61 66 67 65
81 65 61 66 68 64
81 65 61 67 67 64
81 65 61 67 68 63
81 65 62 63 67 67
81 65 62 64 65 68
81 65 62 64 66 67
81 65 62 64 67 66
81 65 62 64 68 65
81 65 62 65 64 68
81 65 62 65 66 66
81 65 62 65 67 65
81 65 62 66 65 66
81 65 62 66 66 65
81 65 62 66 68 63
81 65 62 67 65 65
81 65 62 67 66 64
81 65 62 67 67 63
81 65 62 67 68 62
81 65 62 68 64 65
81 65 62 68 65 64
81 65 63 62 66 68
81 65 63 63 65 68
81 65 63 63 67 66
81 65 63 63 68 65
81 65 63 64 66 66
81 65 63 64 67 65
81 65 63 64 68 64
81 65 63 65 63 68
81 65 63 65 65 66
81 65 63 65 66 65
81 65 63 65 67 64
81 65 63 65 68 63
81 65 63 66 62 68
81 65 63 66 63 67
81 65 63 66 64 66
81 65 63 66 65 65
81 65 63 66 66 64
81 65 63 66 67 63
81 65 63 67 62 67
81 65 63 67 63 66
81 65 63 67 64 65
81 65 63 67 66 63
81 65 63 68 63 65
81 65 63 68 65 63
81 65 63 68 66 62
81 65 64 62 66 67
81 65 64 63 63 69
81 65 64 63 64 68
81 65 64 63 65 67
81 65 64 63 66 66
81 65 64 63 67 65
81 65 64 63 68 64
81 65 64 64 63 68
81 65 64 64 65 66
81 65 64 64 66 65
81 65 64 64 68 63
81 65 64 65 62 68
81 65 64 65 65 65
81 65 64 65 66 64
81 65 64 65 68 62
81 65 64 66 62 67
81 65 64 66 63 66
81 65 64 66 64 65
81 65 64 66 65 64
81 65 64 66 67 62
81 65 64 67 61 67
81 65 64 67 65 63
81 65 64 68 62 65
81 65 64 68 65 62
81 65 65 61 65 68
81 65 65 61 66 67
81 65 65 62 64 68
81 65 65 62 65 67
81 65 65 62 67 65
81 65 65 63 63 68
81 65 65 63 65 66
81 65 65 63 66 65
81 65 65 64 62 68
81 65 65 64 63 67
81 65 65 64 64 66
81 65 65 64 65 65
81 65 65 64 67 63
81 65 65 65 62 67
81 65 65 65 63 66
81 65 65 65 64 65
81 65 65 65 65 64
81 65 65 65 66 63
81 65 65 66 62 66
81 65 65 66 63 65
81 65 65 66 64 64
81 65 65 66 65 63
81 65 65 66 66 62
81 65 65 67 61 66
81 65 65 67 62 65
81 65 65 67 63 64
81 65 65 67 64 63
81 65 65 67 65 62
81 65 65 68 61 65
81 65 65 68 62 64
81 65 65 68 63 63
81 65 66 61 65 67
81 65 66 61 66 66
81 65 66 62 64 67
81 65 66 62 65 66
81 65 66 62 66 65
81 65 66 62 67 64
81 65 66 63 63 67
81 65 66 63 65 65
81 65 66 63 66 64
81 65 66 63 67 63
81 65 66 64 62 67
81 65 66 64 66 63
81 65 66 65 63 65
81 65 66 65 64 64
81 65 66 65 65 63
81 65 66 65 66 62
81 65 66 66 63 64
81 65 66 66 64 63
81 65 66 67 61 65
81 65 66 67 62 64
81 65 66 67 63 63
81 65 66 67 64 62
81 65 67 61 65 66
81 65 67 62 66 64
81 65 67 63 63 66
81 65 67 63 64 65
81 65 67 63 66 63
81 65 67 64 64 64
81 65 67 64 66 62
81 65 67 65 62 65
81 65 67 65 63 64
81 65 67 65 65 62
81 65 67 66 62 64
81 65 67 67 62 63
81 65 68 62 65 64
81 65 68 63 64 64
81 65 68 63 65 63
81 65 68 64 65 62
81 65 68 65 62 64
81 65 68 65 63 63
81 65 68 65 64 62
81 66 61 64 66 67
81 66 61 64 67 66
81 66 61 65 66 66
81 66 61 65 67 65
81 66 61 66 67 64
81 66 62 62 66 68
81 66 62 64 64 68
81 66 62 64 65 67
81 66 62 64 66 66
81 66 62 64 67 65
81 66 62 64 68 64
81 66 62 65 64 67
81 66 62 65 65 66
81 66 62 65 67 64
81 66 62 65 68 63
81 66 62 66 64 66
81 66 62 66 67 63
81 66 62 66 68 62
81 66 62 67 64 65
81 66 62 67 66 63
81 66 62 67 67 62
81 66 63 62 65 68
81 66 63 62 66 67
81 66 63 62 67 66
81 66 63 63 63 69
81 66 63 63 64 68
81 66 63 63 65 67
81 66 63 63 66 66
81 66 63 63 67 65
81 66 63 64 63 68
81 66 63 64 64 67
81 66 63 64 66 65
81 66 63 65 63 67
81 66 63 65 64 66
81 66 63 65 65 65
81 66 63 65 66 64
81 66 63 66 62 67
81 66 63 66 63 66
81 66 63 66 65 64
81 66 63 66 66 63
81 66 63 67 63 65
81 66 63 67 64 64
81 66 63 67 66 62
81 66 63 68 64 63
81 66 64 61 65 68
81 66 64 61 66 67
81 66 64 62 64 68
81 66 64 62 67 65
81 66 64 63 64 67
81 66 64 63 65 66
81 66 64 63 66 65
81 66 64 63 67 64
81 66 64 64 64 66
81 66 64 64 65 65
81 66 64 64 67 63
81 66 64 65 62 67
81 66 64 65 63 66
81 66 64 65 65 64
81 66 64 65 66 63
81 66 64 65 67 62
81 66 64 66 62 66
81 66 64 66 65 63
81 66 64 66 66 62
81 66 64 66 67 61
81 66 64 67 62 65
81 66 64 67 63 64
81 66 64 67 65 62
81 66 64 67 66 61
81 66 65 61 65 67
81 66 65 62 65 66
81 66 65 63 63 67
81 66 65 63 64 66
81 66 65 63 65 65
81 66 65 63 67 63
81 66 65 64 63 66
81 66 65 64 65 64
81 66 65 65 62 66
81 66 65 65 63 65
81 66 65 65 64 64
81 66 65 65 65 63
81 66 65 65 66 62
81 66 65 65 67 61
81 66 65 66 61 66
81 66 65 66 62 65
81 66 65 66 63 64
81 66 65 66 64 63
81 66 65 66 66 61
81 66 65 67 61 65
81 66 65 67 62 64
81 66 65 67 63 63
81 66 66 61 65 66
81 66 66 62 64 66
81 66 66 62 65 65
81 66 66 62 66 64
81 66 66 63 63 66
81 66 66 63 64 65
81 66 66 63 65 64
81 66 66 63 66 63
81 66 66 64 62 66
81 66 66 64 63 65
81 66 66 64 64 64
81 66 66 64 65 63
81 66 66 64 66 62
81 66 66 65 62 65
81 66 66 65 64 63
81 66 66 65 65 62
81 66 66 65 66 61
81 66 66 66 61 65
81 66 66 66 62 64
81 66 66 66 63 63
81 66 66 67 61 64
81 66 66 67 63 62
81 66 67 63 63 65
81 66 67 63 65 63
81 66 67 63 66 62
81 66 67 64 62 65
81 66 67 64 63 64
81 66 67 64 64 63
81 66 67 64 65 62
81 66 67 65 63 63
81 66 67 65 64 62
81 66 67 66 61 64
81 66 67 66 62 63
81 66 67 66 63 62
81 66 68 62 64 64
81 66 68 63 63 64
81 66 68 63 64 63
81 66 68 63 65 62
81 66 68 64 63 63
81 66 68 64 64 62
81 66 68 65 62 63
81 67 61 64 66 66
81 67 62 62 65 68
81 67 62 62 66 67
81 67 62 63 64 68
81 67 62 63 66 66
81 67 62 63 67 65
81 67 62 64 64 67
81 67 62 64 66 65
81 67 62 64 67 64
81 67 62 65 64 66
81 67 62 65 65 65
81 67 62 66 65 64
81 67 62 66 66 63
81 67 63 61 65 68
81 67 63 62 64 68
81 67 63 62 65 67
81 67 63 62 66 66
81 67 63 63 63 68
81 67 63 63 65 66
81 67 63 63 67 64
81 67 63 64 63 67
81 67 63 64 64 66
81 67 63 64 65 65
81 67 63 65 63 66
81 67 63 65 65 64
81 67 63 65 66 63
81 67 63 65 67 62
81 67 63 66 63 65
81 67 63 66 64 64
81 67 63 66 65 63
81 67 63 67 64 63
81 67 63 67 65 62
81 67 64 61 65 67
81 67 64 62 63 68
81 67 64 62 64 67
81 67 64 62 65 66
81 67 64 63 63 67
81 67 64 63 64 66
81 67 64 63 66 64
81 67 64 64 62 67
81 67 64 64 64 65
81 67 64 64 66 63
81 67 64 65 63 65
81 67 64 65 65 63
81 67 64 65 66 62
81 67 64 66 63 64
81 67 64 66 65 62
81 67 64 66 66 61
81 67 64 67 64 62
81 67 65 61 64 67
81 67 65 62 63 67
81 67 65 62 64 66
81 67 65 62 65 65
81 67 65 62 66 64
81 67 65 63 63 66
81 67 65 63 65 64
81 67 65 63 66 63
81 67 65 64 66 62
81 67 65 65 64 63
81 67 65 65 65 62
81 67 65 65 66 61
81 67 65 66 61 65
81 67 65 66 62 64
81 67 65 66 64 62
81 67 65 66 65 61
81 67 65 67 62 63
81 67 66 62 63 66
81 67 66 62 64 65
81 67 66 63 63 65
81 67 66 63 65 63
81 67 66 64 62 65
81 67 66 64 63 64
81 67 66 64 64 63
81 67 66 65 62 64
81 67 66 65 63 63
81 67 66 65 65 61
81 67 66 66 61 64
81 67 66 66 63 62
81 67 66 66 64 61
81 67 67 62 64 64
81 67 67 63 63 64
81 67 67 63 64 63
81 67 67 63 65 62
81 67 67 64 62 64
81 67 67 64 64 62
81 67 67 64 65 61
81 67 67 65 63 62
81 67 67 65 64 61
81 67 67 66 62 62
81 67 68 63 64 62
81 67 68 64 63 62
81 68 62 63 65 66
81 68 62 64 65 65
81 68 63 62 64 67
81 68 63 63 64 66
81 68 63 63 65 65
81 68 63 63 66 64
81 68 63 64 63 66
81 68 63 65 64 64
81 68 63 65 65 63
81 68 64 62 63 67
81 68 64 62 64 66
81 68 64 62 65 65
81 68 64 63 63 66
81 68 64 64 62 66
81 68 64 64 63 65
81 68 64 64 64 64
81 68 64 65 63 64
81 68 64 65 64 63
81 68 64 65 65 62
81 68 64 66 64 62
81 68 65 62 63 66
81 68 65 62 64 65
81 68 65 62 65 64
81 68 65 63 63 65
81 68 65 63 64 64
81 68 65 63 65 63
81 68 65 64 62 65
81 68 65 64 64 63
81 68 65 64 65 62
81 68 65 65 62 64
81 68 65 65 63 63
81 68 65 65 65 61
81 68 65 66 63 62
81 68 66 63 63 64
81 68 66 64 62 64
81 68 66 64 63 63
81 68 66 64 64 62
81 68 66 65 63 62
81 68 66 65 64 61
81 68 66 66 62 62
81 68 67 63 63 63
81 68 67 63 64 62
81 68 67 64 62 63
81 68 67 64 63 62
81 68 67 65 62 62
81 68 67 65 63 61
81 69 64 63 64 64
81 69 64 64 64 63
81 69 65 63 64 63
81 69 66 63 63 63
83 61 65 66 65 66
83 61 66 64 67 65
83 61 66 65 65 66
83 61 66 65 66 65
83 61 66 66 64 66
83 61 67 64 65 66
83 61 67 65 66 64
83 62 63 67 65 66
83 62 63 67 66 65
83 62 64 65 65 67
83 62 64 65 66 66
83 62 64 65 67 65
83 62 64 65 68 64
83 62 64 66 64 67
83 62 64 67 63 67
83 62 64 67 65 65
83 62 64 67 66 64
83 62 64 68 64 65
83 62 65 64 65 67
83 62 65 64 66 66
83 62 65 64 67 65
83 62 65 65 65 66
83 62 65 65 66 65
83 62 65 66 66 64
83 62 65 67 62 67
83 62 65 67 63 66
83 62 65 67 64 65
83 62 65 68 63 65
83 62 66 63 66 66
83 62 66 64 64 67
83 62 66 64 66 65
83 62 66 65 63 67
83 62 66 65 64 66
83 62 66 66 63 66
83 62 66 66 65 64
83 62 66 66 66 63
83 62 66 67 62 66
83 62 66 67 63 65
83 62 66 67 64 64
83 62 67 62 66 66
83 62 67 62 67 65
83 62 67 63 65 66
83 62 67 63 67 64
83 62 67 64 64 66
83 62 67 64 67 63
83 62 67 65 63 66
83 62 67 66 63 65
83 62 68 63 65 65
83 62 68 63 66 64
83 62 68 64 64 65
83 62 68 64 65 64
83 62 68 65 64 64
83 63 62 66 66 66
83 63 62 67 67 64
83 63 63 64 67 66
83 63 63 64 68 65
83 63 63 65 66 66
83 63 63 65 68 64
83 63 63 66 64 67
83 63 63 66 65 66
83 63 63 67 63 67
83 63 63 67 64 66
83 63 63 67 66 64
83 63 63 67 67 63
83 63 63 68 65 64
83 63 64 63 66 67
83 63 64 63 67 66
83 63 64 63 68 65
83 63 64 64 64 68
83 63 64 64 65 67
83 63 64 64 66 66
83 63 64 64 67 65
83 63 64 64 68 64
83 63 64 65 65 66
83 63 64 65 67 64
83 63 64 66 63 67
83 63 64 66 64 66
83 63 64 66 65 65
83 63 64 66 66 64
83 63 64 66 67 63
83 63 64 67 62 67
83 63 64 67 64 65
83 63 64 67 66 63
83 63 64 68 62 66
83 63 64 68 63 65
83 63 64 68 64 64
83 63 65 62 66 67
83 63 65 62 67 66
83 63 65 63 64 68
83 63 65 63 66 66
83 63 65 64 63 68
83 63 65 64 64 67
83 63 65 64 65 66
83 63 65 64 66 65
83 63 65 64 67 64
83 63 65 64 68 63
83 63 65 65 64 66
83 63 65 65 66 64
83 63 65 66 63 66
83 63 65 66 64 65
83 63 65 66 65 64
83 63 65 66 66 63
83 63 65 66 67 62
83 63 65 68 62 65
83 63 66 62 65 67
83 63 66 62 66 66
83 63 66 63 64 67
83 63 66 63 65 66
83 63 66 63 66 65
83 63 66 63 67 64
83 63 66 64 63 67
83 63 66 64 65 65
83 63 66 64 66 64
83 63 66 64 67 63
83 63 66 65 63 66
83 63 66 65 64 65
83 63 66 65 65 64
83 63 66 65 67 62
83 63 66 66 62 66
83 63 66 66 63 65
83 63 66 66 64 64
83 63 66 66 65 63
83 63 66 67 62 65
83 63 67 62 65 66
83 63 67 62 66 65
83 63 67 62 67 64
83 63 67 63 67 63
83 63 67 64 63 66
83 63 67 64 64 65
83 63 67 64 65 64
83 63 67 65 64 64
83 63 67 66 63 64
83 63 67 66 64 63
83 63 68 62 65 65
83 63 68 63 65 64
83 63 68 64 65 63
83 63 68 65 63 64
83 63 68 65 64 63
83 64 61 66 67 65
83 64 62 64 66 67
83 64 62 64 68 65
83 64 62 65 66 66
83 64 62 65 68 64
83 64 62 66 64 67
83 64 62 66 65 66
83 64 62 66 68 63
83 64 62 67 67 63
83 64 62 68 64 65
83 64 63 63 67 66
83 64 63 63 68 65
83 64 63 64 64 68
83 64 63 64 66 66
83 64 63 64 67 65
83 64 63 65 63 68
83 64 63 65 65 66
83 64 63 65 66 65
83 64 63 65 67 64
83 64 63 65 68 63
83 64 63 66 63 67
83 64 63 66 64 66
83 64 63 66 65 65
83 64 63 66 66 64
83 64 63 67 62 67
83 64 63 67 64 65
83 64 63 67 65 64
83 64 63 67 66 63
83 64 63 67 67 62
83 64 63 68 63 65
83 64 63 68 64 64
83 64 64 62 65 68
83 64 64 62 66 67
83 64 64 62 67 66
83 64 64 63 65 67
83 64 64 63 67 65
83 64 64 63 68 64
83 64 64 64 63 68
83 64 64 64 64 67
83 64 64 64 66 65
83 64 64 64 67 64
83 64 64 64 68 63
83 64 64 65 63 67
83 64 64 65 66 64
83 64 64 65 67 63
83 64 64 65 68 62
83 64 64 66 63 66
83 64 64 66 64 65
83 64 64 66 66 63
83 64 64 67 63 65
83 64 64 67 64 64
83 64 64 67 66 62
83 64 64 68 62 65
83 64 64 68 64 63
83 64 65 62 64 68
83 64 65 62 66 66
83 64 65 63 63 68
83 64 65 63 64 67
83 64 65 63 65 66
83 64 65 63 66 65
83 64 65 64 63 67
83 64 65 64 64 66
83 64 65 64 65 65
83 64 65 65 62 67
83 64 65 65 63 66
83 64 65 65 64 65
83 64 65 65 66 63
83 64 65 65 67 62
83 64 65 66 61 67
83 64 65 66 62 66
83 64 65 66 63 65
83 64 65 66 65 63
83 64 65 67 63 64
83 64 65 67 64 63
83 64 65 67 65 62
83 64 65 68 62 64
83 64 66 61 66 66
83 64 66 62 67 64
83 64 66 63 63 67
83 64 66 63 64 66
83 64 66 63 65 65
83 64 66 63 66 64
83 64 66 63 67 63
83 64 66 64 63 66
83 64 66 64 65 64
83 64 66 64 66 63
83 64 66 64 67 62
83 64 66 65 62 66
83 64 66 65 63 65
83 64 66 65 64 64
83 64 66 66 64 63
83 64 66 66 65 62
83 64 66 67 61 65
83 64 66 67 62 64
83 64 66 67 63 63
83 64 67 62 64 66
83 64 67 62 65 65
83 64 67 63 65 64
83 64 67 63 66 63
83 64 67 64 63 65
83 64 67 64 64 64
83 64 67 64 65 63
83 64 67 65 62 65
83 64 67 65 63 64
83 64 67 65 64 63
83 64 67 65 65 62
83 64 67 66 62 64
83 64 67 66 63 63
83 64 68 62 65 64
83 64 68 63 64 64
83 64 68 64 63 64
83 64 68 64 64 63
83 64 68 64 65 62
83 64 68 65 63 63
83 65 61 66 66 65
83 65 61 67 66 64
83 65 62 63 65 68
83 65 62 63 66 67
83 65 62 63 67 66
83 65 62 64 64 68
83 65 62 64 65 67
83 65 62 64 68 64
83 65 62 65 64 67
83 65 62 65 68 63
83 65 62 66 63 67
83 65 62 66 65 65
83 65 62 66 66 64
83 65 62 67 64 65
83 65 62 67 65 64
83 65 62 67 67 62
83 65 63 62 65 68
83 65 63 62 66 67
83 65 63 63 64 68
83 65 63 63 66 66
83 65 63 64 64 67
83 65 63 64 65 66
83 65 63 64 66 65
83 65 63 64 67 64
83 65 63 65 64 66
83 65 63 65 66 64
83 65 63 65 68 62
83 65 63 66 65 64
83 65 63 66 66 63
83 65 63 66 67 62
83 65 63 67 64 64
83 65 63 68 63 64
83 65 63 68 64 63
83 65 64 61 66 67
83 65 64 62 64 68
83 65 64 62 67 65
83 65 64 63 63 68
83 65 64 63 64 67
83 65 64 63 65 66
83 65 64 63 66 65
83 65 64 63 67 64
83 65 64 64 62 68
83 65 64 64 63 67
83 65 64 64 64 66
83 65 64 64 65 65
83 65 64 65 63 66
83 65 64 65 65 64
83 65 64 65 66 63
83 65 64 65 67 62
83 65 64 66 63 65
83 65 64 66 64 64
83 65 64 66 65 63
83 65 64 67 61 66
83 65 64 67 63 64
83 65 64 67 64 63
83 65 64 68 62 64
83 65 64 68 63 63
83 65 65 61 66 66
83 65 65 62 66 65
83 65 65 62 67 64
83 65 65 63 64 66
83 65 65 63 66 64
83 65 65 64 62 67
83 65 65 64 66 63
83 65 65 65 62 66
83 65 65 65 64 64
83 65 65 66 61 66
83 65 65 66 63 64
83 65 65 66 64 63
83 65 65 66 65 62
83 65 65 66 66 61
83 65 65 67 64 62
83 65 66 61 66 65
83 65 66 62 64 66
83 65 66 63 63 66
83 65 66 63 64 65
83 65 66 63 65 64
83 65 66 63 66 63
83 65 66 64 62 66
83 65 66 64 63 65
83 65 66 64 65 63
83 65 66 64 66 62
83 65 66 65 62 65
83 65 66 65 63 64
83 65 66 65 64 63
83 65 66 65 65 62
83 65 66 66 61 65
83 65 66 66 62 64
83 65 66 66 63 63
83 65 66 66 64 62
83 65 66 67 62 63
83 65 67 62 65 64
83 65 67 62 66 63
83 65 67 64 62 65
83 65 67 64 64 63
83 65 67 65 64 62
83 65 67 66 62 63
83 65 68 63 64 63
83 66 61 64 66 66
83 66 61 65 65 66
83 66 61 65 66 65
83 66 61 65 67 64
83 66 62 62 66 67
83 66 62 63 65 67
83 66 62 63 66 66
83 66 62 63 67 65
83 66 62 64 66 65
83 66 62 64 67 64
83 66 62 65 63 67
83 66 62 65 65 65
83 66 62 65 67 63
83 66 62 66 64 65
83 66 62 66 65 64
83 66 62 66 66 63
83 66 62 66 67 62
83 66 63 62 64 68
83 66 63 62 66 66
83 66 63 63 65 66
83 66 63 63 66 65
83 66 63 63 67 64
83 66 63 64 63 67
83 66 63 64 64 66
83 66 63 64 65 65
83 66 63 65 63 66
83 66 63 65 64 65
83 66 63 65 65 64
83 66 63 65 66 63
83 66 63 65 67 62
83 66 63 66 62 66
83 66 63 66 63 65
83 66 63 66 64 64
83 66 63 66 65 63
83 66 63 66 66 62
83 66 63 67 63 64
83 66 63 67 64 63
83 66 63 67 65 62
83 66 64 62 65 66
83 66 64 62 66 65
83 66 64 63 64 66
83 66 64 63 65 65
83 66 64 63 66 64
83 66 64 64 63 66
83 66 64 64 65 64
83 66 64 64 66 63
83 66 64 64 67 62
83 66 64 65 62 66
83 66 64 65 63 65
83 66 64 65 65 63
83 66 64 66 62 65
83 66 64 66 63 64
83 66 64 66 65 62
83 66 64 66 66 61
83 66 64 67 63 63
83 66 64 67 64 62
83 66 65 61 64 67
83 66 65 61 65 66
83 66 65 62 65 65
83 66 65 62 66 64
83 66 65 63 64 65
83 66 65 63 66 63
83 66 65 64 63 65
83 66 65 64 64 64
83 66 65 64 65 63
83 66 65 64 66 62
83 66 65 65 63 64
83 66 65 65 64 63
83 66 65 66 63 63
83 66 65 66 65 61
83 66 65 67 62 63
83 66 66 62 63 66
83 66 66 62 64 65
83 66 66 63 63 65
83 66 66 63 64 64
83 66 66 63 66 62
83 66 66 64 63 64
83 66 66 64 64 63
83 66 66 65 61 65
83 66 66 65 63 63
83 66 66 65 64 62
83 66 66 65 65 61
83 66 66 66 61 64
83 66 66 66 62 63
83 66 66 66 63 62
83 66 67 62 64 64
83 66 67 62 65 63
83 66 67 63 63 64
83 66 67 63 64 63
83 66 67 64 62 64
83 66 67 64 63 63
83 66 67 65 64 61
83 67 62 62 65 67
83 67 62 63 64 67
83 67 62 63 66 65
83 67 62 64 64 66
83 67 62 64 66 64
83 67 62 65 64 65
83 67 62 65 65 64
83 67 63 62 64 67
83 67 63 63 63 67
83 67 63 63 64 66
83 67 63 63 66 64
83 67 63 64 63 66
83 67 63 64 65 64
83 67 63 64 66 63
83 67 63 65 64 64
83 67 63 65 66 62
83 67 63 66 64 63
83 67 63 66 65 62
83 67 64 61 65 66
83 67 64 62 63 67
83 67 64 62 65 65
83 67 64 63 63 66
83 67 64 63 64 65
83 67 64 63 65 64
83 67 64 63 66 63
83 67 64 64 62 66
83 67 64 64 64 64
83 67 64 64 65 63
83 67 64 65 64 63
83 67 64 66 62 64
83 67 64 66 64 62
83 67 65 62 65 64
83 67 65 63 62 66
83 67 65 63 64 64
83 67 65 64 62 65
83 67 65 64 63 64
83 67 65 64 64 63
83 67 65 65 62 64
83 67 65 66 62 63
83 67 65 66 63 62
83 67 65 66 64 61
83 67 66 63 62 65
83 67 66 63 63 64
83 67 66 64 65 61
83 67 66 65 62 63
83 67 66 66 62 62
83 67 67 63 63 63
83 67 67 63 64 62
83 67 67 64 62 63
83 67 67 64 63 62
83 67 67 65 62 62
83 68 63 63 65 64
83 68 63 64 64 64
83 68 63 64 65 63
83 68 64 63 63 65
83 68 64 63 64 64
83 68 64 63 65 63
83 68 64 64 63 64
83 68 64 64 65 62
83 68 64 65 64 62
83 68 65 62 64 64
83 68 65 63 64 63
83 68 65 64 62 64
83 68 65 64 63 63
83 68 65 64 64 62
83 68 65 65 62 63
83 68 65 65 63 62
83 68 66 64 63 62
85 63 65 65 64 65
85 64 64 64 65 65
85 64 64 65 64 65
85 64 64 65 65 64
85 64 65 63 65 65
85 64 65 64 64 65
85 64 65 64 65 64
85 64 65 65 64 64
85 65 63 64 65 65
85 65 64 64 64 65
85 65 64 64 65 64
85 65 64 65 64 64
85 65 64 65 65 63
85 65 65 64 64 64
85 65 65 65 63 64
