5 25 131 50
5 25 132 59
5 25 133 70
5 25 134 84
5 25 135 100
5 25 136 120
5 25 137 143
5 25 138 172
5 25 139 206
5 25 140 248
5 25 141 299
5 25 142 360
5 25 143 435
5 25 144 526
5 26 141 43
5 26 142 52
5 26 143 61
5 26 144 73
5 26 145 87
5 26 146 104
5 26 147 124
5 26 148 148
5 26 149 178
5 26 150 214
5 26 151 257
5 26 152 309
5 26 153 373
5 26 154 450
5 26 155 544
5 26 156 659
5 27 151 38
5 27 152 45
5 27 153 53
5 27 154 63
5 27 155 75
5 27 156 90
5 27 157 107
5 27 158 128
5 27 159 154
5 27 160 184
5 27 161 221
5 27 162 266
5 27 163 320
5 27 164 386
5 27 165 466
5 27 166 563
5 27 167 682
11 25 66 86857
11 25 67 126512
11 25 68 185482
11 25 69 273786
11 25 70 406976
11 25 71 609375
11 25 72 919344
11 25 73 1397892
11 25 74 2142907
11 26 70 62079
11 26 71 89852
11 26 72 130875
11 26 73 191878
11 26 74 283227
11 26 75 421009
11 26 76 630388
11 26 77 951046
11 26 78 1446095
11 26 79 2216800
11 26 80 3427128
11 27 75 64296
11 27 76 93061
11 27 77 135549
11 27 78 198731
11 27 79 293342
11 27 80 436045
11 27 81 652902
11 27 82 985012
11 27 83 1497742
11 27 84 2295972
11 27 85 3549525
