142 132 135
142 133 134
142 134 133
142 135 132
144 131 135
144 133 133
144 135 131
146 129 136
146 130 135
146 132 133
146 133 132
146 135 130
146 136 129
148 128 136
148 129 135
148 131 133
148 132 132
148 133 131
148 135 129
148 136 128
150 127 136
150 128 135
150 129 134
150 130 133
150 131 132
150 132 131
150 133 130
150 134 129
150 135 128
150 136 127
152 127 135
152 129 133
152 133 129
152 135 127
154 126 135
154 127 134
154 128 133
154 129 132
154 132 129
154 133 128
154 134 127
154 135 126
156 129 131
156 131 129
