0 0
1 54
2 4294402198
3 143131750914108
4 196314863042156445
5 46635723986094961278
6 3638668456769866772322
7 131150578830642289754518
8 2676320716084689847261943
9 35248084969639391408092249
10 327581125324878168622926557
11 2289000700942827912974709485
12 12600241943285243752107543555
13 56600351493432041229558101580
14 213193243152281788230633626840
15 687879293381994245104415972640
16 1933824300245003753172016630803
17 4802087478834617875721843080425
18 10650607898288469195319687987766
19 21290493684690561707560413587174
20 38644136682110383745747617485287
21 64076549895474255141401658568853
22 97537401997911419642281644576959
23 136842011742486175981267680819345
24 177500441799181782519208510620471
